
91.0,133.0,42.0,84.0,126.0,84.0,61.0
91.0,133.0,43.0,84.0,126.0,84.0,61.0
90.0,133.0,43.0,84.0,126.0,84.0,61.0
90.0,131.0,43.0,84.0,126.0,84.0,61.0
90.0,131.0,44.0,84.0,126.0,84.0,61.0
90.0,131.0,44.0,84.0,125.0,84.0,61.0
90.0,130.0,45.0,84.0,125.0,84.0,61.0
90.0,130.0,45.0,84.0,125.0,84.0,61.0
89.0,129.0,45.0,84.0,124.0,84.0,61.0
89.0,129.0,46.0,84.0,124.0,84.0,61.0
89.0,128.0,46.0,84.0,124.0,84.0,61.0
89.0,128.0,46.0,84.0,123.0,84.0,61.0
89.0,127.0,47.0,84.0,123.0,84.0,61.0
89.0,127.0,47.0,84.0,123.0,84.0,61.0
89.0,126.0,47.0,84.0,122.0,84.0,61.0
89.0,126.0,48.0,84.0,122.0,84.0,61.0
88.0,125.0,48.0,84.0,122.0,84.0,61.0
88.0,124.0,48.0,84.0,122.0,84.0,61.0
88.0,123.0,48.0,84.0,122.0,84.0,61.0
88.0,122.0,49.0,84.0,122.0,84.0,61.0
88.0,122.0,49.0,84.0,122.0,84.0,61.0
88.0,121.0,49.0,84.0,122.0,84.0,61.0
88.0,121.0,49.0,84.0,122.0,84.0,61.0
88.0,120.0,50.0,84.0,122.0,84.0,61.0
88.0,120.0,50.0,84.0,122.0,84.0,61.0
88.0,120.0,50.0,84.0,121.0,84.0,61.0
88.0,119.0,50.0,84.0,121.0,84.0,61.0
88.0,119.0,50.0,84.0,121.0,84.0,61.0
88.0,119.0,50.0,83.0,121.0,84.0,61.0
88.0,119.0,50.0,83.0,121.0,84.0,61.0
87.0,118.0,50.0,83.0,121.0,84.0,61.0
87.0,118.0,50.0,83.0,121.0,84.0,61.0
87.0,118.0,50.0,83.0,120.0,84.0,61.0
87.0,117.0,51.0,83.0,120.0,84.0,61.0
87.0,117.0,51.0,84.0,120.0,84.0,61.0
87.0,117.0,51.0,84.0,120.0,84.0,61.0
87.0,116.0,51.0,84.0,119.0,84.0,61.0
87.0,116.0,52.0,84.0,119.0,84.0,61.0
87.0,116.0,52.0,84.0,118.0,84.0,61.0
87.0,115.0,52.0,84.0,118.0,84.0,61.0
87.0,115.0,52.0,84.0,118.0,84.0,61.0
87.0,114.0,53.0,84.0,117.0,84.0,61.0
87.0,113.0,53.0,83.0,117.0,84.0,61.0
87.0,113.0,53.0,83.0,117.0,84.0,61.0
87.0,112.0,53.0,83.0,117.0,84.0,61.0
88.0,111.0,53.0,83.0,117.0,84.0,61.0
88.0,111.0,54.0,83.0,117.0,84.0,61.0
88.0,111.0,54.0,83.0,117.0,84.0,61.0
88.0,111.0,54.0,83.0,117.0,84.0,61.0
88.0,111.0,54.0,83.0,117.0,84.0,61.0
88.0,111.0,54.0,83.0,117.0,84.0,61.0
88.0,110.0,54.0,83.0,116.0,84.0,61.0
88.0,110.0,54.0,83.0,116.0,84.0,61.0
88.0,109.0,54.0,83.0,116.0,84.0,61.0
88.0,109.0,55.0,84.0,115.0,84.0,61.0
88.0,109.0,55.0,83.0,115.0,84.0,61.0
88.0,108.0,55.0,83.0,114.0,84.0,61.0
88.0,108.0,55.0,83.0,113.0,84.0,61.0
88.0,107.0,55.0,83.0,112.0,84.0,61.0
88.0,106.0,55.0,83.0,111.0,84.0,61.0
88.0,106.0,55.0,83.0,111.0,84.0,61.0
88.0,106.0,55.0,83.0,110.0,84.0,61.0
88.0,105.0,55.0,83.0,109.0,84.0,61.0
87.0,104.0,55.0,83.0,108.0,84.0,61.0
87.0,104.0,55.0,83.0,108.0,84.0,61.0
87.0,103.0,55.0,83.0,107.0,84.0,61.0
87.0,103.0,55.0,83.0,106.0,84.0,61.0
87.0,102.0,55.0,83.0,105.0,84.0,61.0
87.0,102.0,54.0,83.0,105.0,84.0,61.0
86.0,101.0,54.0,83.0,104.0,84.0,61.0
86.0,100.0,54.0,83.0,104.0,84.0,61.0
86.0,100.0,54.0,83.0,103.0,84.0,61.0
86.0,100.0,54.0,83.0,103.0,84.0,61.0
86.0,100.0,54.0,83.0,102.0,84.0,61.0
86.0,99.0,54.0,83.0,101.0,84.0,61.0
86.0,98.0,54.0,83.0,100.0,84.0,61.0
85.0,97.0,54.0,83.0,100.0,84.0,61.0
85.0,97.0,54.0,83.0,99.0,84.0,61.0
85.0,97.0,54.0,83.0,98.0,84.0,61.0
85.0,97.0,54.0,83.0,97.0,84.0,61.0
85.0,96.0,55.0,83.0,96.0,84.0,61.0
84.0,95.0,55.0,83.0,95.0,84.0,61.0
84.0,95.0,55.0,83.0,94.0,84.0,61.0
84.0,94.0,55.0,83.0,94.0,84.0,61.0
84.0,94.0,55.0,83.0,93.0,84.0,61.0
84.0,93.0,55.0,83.0,93.0,84.0,61.0
84.0,93.0,55.0,83.0,93.0,84.0,61.0
84.0,93.0,55.0,83.0,93.0,84.0,61.0
84.0,93.0,56.0,83.0,93.0,84.0,61.0
83.0,92.0,56.0,83.0,94.0,84.0,61.0
83.0,92.0,56.0,83.0,94.0,84.0,61.0
83.0,92.0,56.0,83.0,94.0,84.0,61.0
84.0,91.0,56.0,83.0,94.0,84.0,61.0
84.0,91.0,56.0,83.0,94.0,84.0,61.0
84.0,90.0,56.0,83.0,94.0,84.0,61.0
84.0,90.0,56.0,83.0,94.0,84.0,61.0
84.0,90.0,56.0,83.0,94.0,84.0,61.0
84.0,90.0,56.0,83.0,94.0,84.0,61.0
84.0,90.0,56.0,83.0,95.0,84.0,61.0
84.0,90.0,56.0,83.0,95.0,84.0,61.0
84.0,90.0,56.0,83.0,95.0,84.0,61.0
84.0,89.0,56.0,83.0,95.0,84.0,61.0
84.0,89.0,56.0,83.0,96.0,84.0,61.0
85.0,89.0,56.0,83.0,97.0,84.0,61.0
85.0,88.0,56.0,83.0,97.0,84.0,61.0
85.0,88.0,56.0,83.0,98.0,84.0,61.0
85.0,88.0,56.0,83.0,99.0,84.0,61.0
85.0,88.0,56.0,83.0,100.0,84.0,61.0
85.0,88.0,56.0,83.0,100.0,84.0,61.0
85.0,88.0,56.0,83.0,100.0,84.0,61.0
85.0,88.0,56.0,83.0,100.0,84.0,61.0
85.0,88.0,55.0,83.0,101.0,84.0,61.0
85.0,88.0,55.0,83.0,101.0,84.0,61.0
85.0,88.0,55.0,83.0,101.0,84.0,61.0
85.0,88.0,55.0,83.0,101.0,84.0,61.0
86.0,87.0,55.0,83.0,101.0,84.0,61.0
86.0,87.0,55.0,83.0,102.0,84.0,61.0
86.0,87.0,55.0,83.0,102.0,84.0,61.0
86.0,87.0,55.0,83.0,102.0,84.0,61.0
86.0,87.0,55.0,83.0,102.0,84.0,61.0
86.0,87.0,55.0,83.0,102.0,84.0,61.0
86.0,87.0,55.0,83.0,102.0,84.0,61.0
86.0,86.0,55.0,83.0,102.0,84.0,61.0
87.0,86.0,55.0,83.0,103.0,84.0,61.0
87.0,86.0,55.0,83.0,103.0,84.0,61.0
87.0,86.0,55.0,83.0,103.0,84.0,61.0
87.0,86.0,55.0,83.0,104.0,84.0,61.0
87.0,86.0,54.0,83.0,105.0,84.0,61.0
87.0,86.0,54.0,83.0,105.0,84.0,61.0
87.0,86.0,54.0,83.0,106.0,84.0,61.0
87.0,86.0,54.0,83.0,107.0,84.0,61.0
87.0,86.0,54.0,83.0,107.0,84.0,61.0
88.0,86.0,54.0,83.0,108.0,84.0,61.0
88.0,86.0,54.0,83.0,108.0,84.0,61.0
88.0,86.0,54.0,83.0,108.0,84.0,61.0
88.0,86.0,54.0,83.0,108.0,84.0,61.0
88.0,86.0,54.0,83.0,108.0,84.0,61.0
88.0,86.0,54.0,83.0,107.0,84.0,61.0
88.0,86.0,53.0,83.0,106.0,84.0,61.0
88.0,86.0,53.0,83.0,106.0,84.0,61.0
88.0,86.0,53.0,83.0,106.0,84.0,61.0
88.0,86.0,53.0,83.0,106.0,84.0,61.0
89.0,86.0,53.0,83.0,106.0,84.0,61.0
89.0,85.0,53.0,83.0,106.0,84.0,61.0
89.0,85.0,53.0,83.0,106.0,84.0,61.0
89.0,85.0,53.0,83.0,106.0,84.0,61.0
89.0,85.0,53.0,83.0,106.0,84.0,61.0
89.0,85.0,53.0,83.0,106.0,84.0,61.0
89.0,85.0,53.0,83.0,105.0,84.0,61.0
89.0,85.0,53.0,83.0,105.0,84.0,61.0
90.0,85.0,53.0,83.0,105.0,84.0,61.0
90.0,85.0,53.0,83.0,105.0,84.0,61.0
90.0,85.0,53.0,83.0,105.0,84.0,61.0
90.0,85.0,54.0,83.0,105.0,84.0,61.0
90.0,84.0,54.0,83.0,105.0,84.0,61.0
91.0,84.0,54.0,83.0,106.0,84.0,61.0
91.0,84.0,53.0,83.0,107.0,84.0,61.0
91.0,84.0,53.0,83.0,107.0,84.0,61.0
91.0,84.0,53.0,83.0,107.0,84.0,61.0
91.0,85.0,53.0,83.0,107.0,84.0,61.0
91.0,85.0,53.0,83.0,108.0,84.0,61.0
91.0,85.0,53.0,83.0,108.0,84.0,61.0
91.0,85.0,53.0,83.0,109.0,84.0,61.0
91.0,85.0,53.0,83.0,110.0,84.0,61.0
91.0,85.0,53.0,83.0,111.0,84.0,61.0
91.0,85.0,53.0,83.0,112.0,84.0,61.0
91.0,85.0,53.0,83.0,113.0,84.0,61.0
91.0,85.0,53.0,83.0,113.0,84.0,61.0
91.0,85.0,53.0,83.0,114.0,84.0,61.0
92.0,85.0,53.0,83.0,115.0,84.0,61.0
92.0,85.0,53.0,83.0,115.0,84.0,61.0
92.0,85.0,53.0,83.0,116.0,84.0,61.0
92.0,85.0,53.0,83.0,116.0,84.0,61.0
92.0,85.0,53.0,83.0,116.0,84.0,61.0
92.0,85.0,52.0,83.0,116.0,84.0,61.0
92.0,85.0,52.0,83.0,116.0,84.0,61.0
92.0,85.0,52.0,83.0,116.0,84.0,61.0
93.0,85.0,52.0,83.0,115.0,84.0,61.0
93.0,85.0,52.0,83.0,115.0,84.0,61.0
93.0,85.0,52.0,83.0,114.0,84.0,61.0
93.0,85.0,53.0,83.0,113.0,84.0,61.0
93.0,85.0,53.0,83.0,112.0,84.0,61.0
93.0,85.0,53.0,83.0,112.0,84.0,61.0
93.0,85.0,53.0,83.0,112.0,84.0,61.0
93.0,85.0,53.0,83.0,112.0,84.0,61.0
93.0,85.0,53.0,83.0,112.0,84.0,61.0
93.0,85.0,53.0,83.0,113.0,84.0,61.0
93.0,86.0,53.0,83.0,113.0,84.0,61.0
93.0,86.0,53.0,83.0,114.0,84.0,61.0
93.0,86.0,53.0,83.0,115.0,84.0,61.0
94.0,86.0,53.0,83.0,116.0,84.0,61.0
94.0,86.0,53.0,83.0,116.0,84.0,61.0
94.0,86.0,53.0,83.0,117.0,84.0,61.0
94.0,86.0,53.0,83.0,118.0,84.0,61.0
94.0,86.0,53.0,83.0,119.0,84.0,61.0
94.0,86.0,53.0,83.0,120.0,84.0,61.0
94.0,86.0,53.0,83.0,120.0,84.0,61.0
94.0,86.0,53.0,83.0,121.0,84.0,61.0
94.0,87.0,53.0,83.0,122.0,84.0,61.0
94.0,87.0,53.0,83.0,122.0,84.0,61.0
94.0,87.0,53.0,83.0,122.0,84.0,61.0
94.0,87.0,53.0,83.0,123.0,84.0,61.0
94.0,87.0,53.0,83.0,123.0,84.0,61.0
94.0,87.0,53.0,83.0,123.0,84.0,61.0
94.0,88.0,53.0,83.0,124.0,84.0,61.0
94.0,88.0,53.0,83.0,124.0,84.0,61.0
94.0,88.0,53.0,83.0,124.0,84.0,61.0
94.0,88.0,53.0,83.0,124.0,84.0,61.0
94.0,88.0,53.0,83.0,124.0,84.0,61.0
94.0,88.0,53.0,83.0,124.0,84.0,61.0
94.0,88.0,53.0,83.0,124.0,84.0,60.0
94.0,88.0,53.0,83.0,124.0,84.0,60.0
94.0,88.0,53.0,83.0,124.0,84.0,60.0
94.0,88.0,53.0,83.0,124.0,84.0,60.0
94.0,89.0,53.0,83.0,123.0,84.0,60.0
94.0,89.0,53.0,83.0,123.0,84.0,61.0
94.0,89.0,53.0,83.0,123.0,84.0,61.0
94.0,90.0,53.0,83.0,122.0,84.0,61.0
94.0,90.0,53.0,83.0,122.0,84.0,61.0
93.0,90.0,53.0,83.0,122.0,84.0,61.0
93.0,90.0,54.0,83.0,122.0,84.0,61.0
93.0,90.0,54.0,83.0,121.0,84.0,61.0
93.0,90.0,54.0,83.0,121.0,84.0,61.0
93.0,90.0,54.0,83.0,121.0,84.0,61.0
93.0,90.0,54.0,83.0,121.0,84.0,61.0
93.0,90.0,54.0,83.0,121.0,84.0,61.0
93.0,90.0,54.0,83.0,120.0,84.0,61.0
93.0,90.0,54.0,83.0,120.0,84.0,61.0
93.0,90.0,54.0,83.0,120.0,84.0,61.0
93.0,91.0,55.0,83.0,120.0,84.0,61.0
93.0,91.0,55.0,83.0,120.0,84.0,61.0
93.0,91.0,55.0,83.0,120.0,84.0,61.0
93.0,92.0,55.0,83.0,120.0,84.0,61.0
92.0,92.0,55.0,83.0,120.0,84.0,61.0
92.0,92.0,55.0,83.0,120.0,84.0,61.0
92.0,92.0,55.0,83.0,120.0,84.0,60.0
92.0,93.0,55.0,83.0,120.0,84.0,61.0
92.0,93.0,56.0,83.0,119.0,84.0,61.0
92.0,93.0,56.0,83.0,119.0,84.0,60.0
92.0,93.0,56.0,83.0,119.0,84.0,60.0
92.0,93.0,56.0,83.0,119.0,84.0,60.0
92.0,93.0,56.0,83.0,119.0,84.0,60.0
92.0,93.0,56.0,83.0,119.0,84.0,60.0
92.0,93.0,56.0,83.0,119.0,84.0,60.0
92.0,93.0,56.0,83.0,119.0,84.0,60.0
92.0,93.0,56.0,83.0,119.0,84.0,60.0
91.0,93.0,56.0,83.0,118.0,84.0,60.0
91.0,93.0,56.0,83.0,118.0,84.0,60.0
91.0,93.0,55.0,83.0,118.0,84.0,61.0
91.0,93.0,55.0,83.0,118.0,84.0,61.0
91.0,93.0,55.0,83.0,118.0,84.0,61.0
91.0,93.0,55.0,83.0,117.0,84.0,61.0
91.0,93.0,55.0,83.0,117.0,84.0,61.0
91.0,93.0,54.0,83.0,117.0,84.0,61.0
91.0,93.0,54.0,83.0,117.0,84.0,61.0
91.0,93.0,53.0,83.0,116.0,84.0,61.0
91.0,93.0,53.0,83.0,116.0,84.0,61.0
91.0,93.0,53.0,83.0,116.0,84.0,61.0
91.0,92.0,53.0,83.0,116.0,84.0,61.0
90.0,92.0,52.0,83.0,115.0,84.0,61.0
90.0,92.0,52.0,83.0,115.0,84.0,61.0
90.0,91.0,52.0,83.0,114.0,84.0,61.0
89.0,91.0,52.0,83.0,114.0,84.0,61.0
89.0,90.0,52.0,83.0,113.0,84.0,61.0
89.0,90.0,52.0,83.0,113.0,84.0,61.0
88.0,90.0,52.0,83.0,112.0,84.0,61.0
88.0,90.0,52.0,83.0,112.0,84.0,61.0
88.0,90.0,52.0,83.0,111.0,84.0,60.0
87.0,90.0,52.0,83.0,111.0,84.0,60.0
87.0,90.0,52.0,83.0,110.0,84.0,61.0
87.0,90.0,52.0,83.0,110.0,84.0,61.0
87.0,90.0,52.0,83.0,109.0,84.0,61.0
87.0,90.0,52.0,83.0,108.0,84.0,61.0
86.0,90.0,52.0,83.0,108.0,84.0,61.0
86.0,90.0,52.0,83.0,108.0,84.0,61.0
86.0,90.0,52.0,83.0,108.0,84.0,61.0
86.0,90.0,52.0,83.0,108.0,84.0,61.0
86.0,90.0,52.0,83.0,108.0,84.0,61.0
86.0,90.0,52.0,83.0,109.0,84.0,61.0
85.0,90.0,52.0,83.0,109.0,84.0,61.0
85.0,90.0,52.0,83.0,109.0,84.0,61.0
85.0,90.0,52.0,83.0,109.0,84.0,61.0
85.0,90.0,52.0,83.0,109.0,84.0,61.0
85.0,90.0,52.0,83.0,110.0,84.0,61.0
84.0,90.0,52.0,83.0,110.0,84.0,61.0
84.0,90.0,52.0,83.0,110.0,84.0,61.0
84.0,90.0,52.0,83.0,110.0,84.0,61.0
84.0,90.0,52.0,83.0,110.0,84.0,61.0
84.0,90.0,52.0,83.0,110.0,84.0,61.0
84.0,90.0,52.0,83.0,110.0,84.0,61.0
84.0,90.0,52.0,83.0,110.0,84.0,61.0
84.0,90.0,52.0,83.0,110.0,84.0,61.0
84.0,90.0,52.0,83.0,110.0,84.0,61.0
84.0,90.0,52.0,83.0,110.0,84.0,61.0
83.0,89.0,52.0,83.0,110.0,84.0,61.0
83.0,89.0,52.0,83.0,110.0,84.0,61.0
83.0,89.0,52.0,83.0,110.0,84.0,61.0
83.0,88.0,53.0,83.0,110.0,84.0,61.0
83.0,88.0,53.0,83.0,110.0,84.0,61.0
83.0,88.0,53.0,83.0,110.0,84.0,61.0
83.0,88.0,53.0,83.0,110.0,84.0,61.0
83.0,88.0,53.0,83.0,111.0,84.0,61.0
83.0,88.0,53.0,83.0,111.0,84.0,61.0
83.0,88.0,53.0,83.0,111.0,84.0,61.0
83.0,88.0,53.0,83.0,111.0,84.0,61.0
83.0,88.0,53.0,83.0,112.0,84.0,61.0
83.0,88.0,53.0,83.0,113.0,84.0,61.0
83.0,88.0,53.0,83.0,114.0,84.0,61.0
83.0,88.0,54.0,83.0,115.0,84.0,61.0
83.0,89.0,54.0,83.0,116.0,84.0,61.0
83.0,89.0,54.0,83.0,116.0,84.0,61.0
82.0,89.0,54.0,83.0,117.0,84.0,61.0
82.0,89.0,53.0,83.0,117.0,84.0,61.0
82.0,89.0,53.0,83.0,117.0,84.0,61.0
82.0,90.0,53.0,83.0,118.0,84.0,61.0
82.0,90.0,53.0,83.0,118.0,84.0,61.0
82.0,90.0,54.0,83.0,118.0,84.0,61.0
82.0,90.0,54.0,83.0,118.0,84.0,61.0
82.0,90.0,54.0,83.0,118.0,84.0,61.0
81.0,90.0,54.0,83.0,118.0,84.0,61.0
81.0,90.0,54.0,83.0,118.0,84.0,61.0
81.0,90.0,54.0,83.0,118.0,84.0,61.0
81.0,90.0,54.0,83.0,118.0,84.0,61.0
81.0,90.0,54.0,83.0,118.0,84.0,61.0
81.0,90.0,54.0,83.0,118.0,84.0,61.0
81.0,90.0,54.0,83.0,118.0,84.0,61.0
81.0,90.0,54.0,83.0,118.0,84.0,61.0
81.0,90.0,54.0,83.0,119.0,84.0,61.0
81.0,90.0,54.0,83.0,119.0,84.0,61.0
82.0,90.0,54.0,83.0,119.0,84.0,61.0
82.0,90.0,54.0,83.0,119.0,84.0,61.0
82.0,90.0,54.0,83.0,120.0,84.0,61.0
82.0,90.0,55.0,83.0,120.0,84.0,60.0
82.0,90.0,55.0,83.0,121.0,84.0,60.0
82.0,90.0,55.0,83.0,122.0,84.0,60.0
82.0,91.0,55.0,83.0,122.0,84.0,60.0
82.0,91.0,55.0,83.0,123.0,84.0,61.0
82.0,91.0,55.0,83.0,123.0,84.0,61.0
82.0,91.0,55.0,83.0,124.0,84.0,61.0
82.0,91.0,55.0,83.0,124.0,84.0,61.0
82.0,92.0,56.0,83.0,125.0,84.0,61.0
82.0,92.0,56.0,83.0,125.0,84.0,61.0
82.0,92.0,56.0,83.0,126.0,84.0,61.0
82.0,93.0,56.0,83.0,126.0,84.0,61.0
82.0,93.0,56.0,83.0,126.0,84.0,61.0
82.0,93.0,56.0,83.0,127.0,84.0,61.0
82.0,93.0,56.0,83.0,127.0,84.0,61.0
82.0,93.0,56.0,83.0,127.0,84.0,61.0
82.0,93.0,56.0,83.0,127.0,84.0,61.0
82.0,93.0,56.0,83.0,127.0,84.0,61.0
82.0,93.0,56.0,83.0,127.0,84.0,61.0
82.0,93.0,56.0,83.0,127.0,84.0,61.0
82.0,93.0,56.0,83.0,127.0,84.0,61.0
82.0,93.0,56.0,83.0,127.0,84.0,61.0
83.0,93.0,56.0,83.0,127.0,84.0,61.0
83.0,93.0,56.0,83.0,127.0,84.0,61.0
83.0,93.0,56.0,83.0,127.0,84.0,61.0
83.0,94.0,56.0,83.0,127.0,84.0,61.0
83.0,94.0,56.0,83.0,126.0,84.0,61.0
83.0,94.0,56.0,83.0,126.0,84.0,61.0
84.0,94.0,56.0,83.0,126.0,84.0,61.0
84.0,94.0,56.0,83.0,126.0,84.0,61.0
84.0,94.0,56.0,83.0,126.0,84.0,61.0
84.0,94.0,56.0,83.0,126.0,84.0,61.0
84.0,94.0,56.0,83.0,126.0,84.0,61.0
84.0,94.0,56.0,83.0,125.0,84.0,61.0
84.0,94.0,56.0,83.0,125.0,84.0,61.0
85.0,95.0,56.0,83.0,125.0,84.0,61.0
85.0,95.0,56.0,83.0,125.0,84.0,61.0
85.0,95.0,56.0,83.0,124.0,84.0,61.0
85.0,95.0,56.0,83.0,124.0,84.0,61.0
86.0,95.0,57.0,83.0,124.0,84.0,61.0
86.0,95.0,57.0,83.0,124.0,84.0,61.0
86.0,95.0,57.0,83.0,124.0,84.0,61.0
86.0,95.0,57.0,83.0,125.0,84.0,61.0
86.0,95.0,57.0,83.0,126.0,84.0,61.0
86.0,95.0,57.0,83.0,126.0,84.0,61.0
87.0,95.0,57.0,83.0,126.0,84.0,61.0
87.0,95.0,57.0,83.0,126.0,84.0,61.0
87.0,96.0,57.0,83.0,127.0,84.0,61.0
87.0,96.0,57.0,83.0,128.0,84.0,61.0
87.0,96.0,57.0,83.0,128.0,84.0,61.0
87.0,96.0,57.0,83.0,128.0,84.0,61.0
87.0,96.0,57.0,83.0,128.0,84.0,61.0
87.0,96.0,57.0,83.0,127.0,84.0,61.0
87.0,95.0,57.0,83.0,127.0,84.0,61.0
87.0,95.0,57.0,83.0,126.0,84.0,61.0
87.0,95.0,57.0,83.0,126.0,84.0,60.0
87.0,95.0,57.0,83.0,126.0,84.0,61.0
87.0,95.0,57.0,83.0,126.0,84.0,60.0
88.0,95.0,57.0,83.0,126.0,84.0,60.0
88.0,95.0,57.0,83.0,126.0,84.0,60.0
88.0,95.0,57.0,83.0,126.0,84.0,60.0
88.0,95.0,57.0,83.0,125.0,84.0,60.0
88.0,95.0,57.0,83.0,125.0,84.0,61.0
88.0,95.0,57.0,83.0,125.0,84.0,61.0
89.0,95.0,57.0,83.0,125.0,84.0,61.0
89.0,95.0,57.0,83.0,125.0,84.0,61.0
89.0,95.0,57.0,83.0,125.0,84.0,61.0
89.0,95.0,57.0,83.0,125.0,84.0,61.0
89.0,95.0,57.0,83.0,125.0,84.0,61.0
89.0,96.0,57.0,83.0,126.0,84.0,61.0
89.0,96.0,57.0,83.0,126.0,84.0,61.0
89.0,96.0,56.0,83.0,126.0,84.0,61.0
89.0,96.0,56.0,83.0,126.0,84.0,61.0
89.0,96.0,56.0,83.0,125.0,84.0,61.0
89.0,96.0,55.0,83.0,124.0,84.0,61.0
89.0,95.0,55.0,83.0,124.0,84.0,61.0
89.0,95.0,55.0,83.0,124.0,84.0,61.0
89.0,95.0,55.0,83.0,124.0,84.0,61.0
89.0,95.0,54.0,83.0,124.0,84.0,61.0
89.0,95.0,54.0,83.0,123.0,84.0,60.0
88.0,94.0,54.0,83.0,122.0,84.0,60.0
88.0,94.0,53.0,83.0,122.0,84.0,61.0
88.0,94.0,53.0,83.0,122.0,84.0,61.0
88.0,93.0,53.0,83.0,121.0,84.0,61.0
88.0,93.0,53.0,83.0,120.0,84.0,61.0
88.0,93.0,53.0,83.0,118.0,84.0,61.0
88.0,93.0,53.0,83.0,118.0,84.0,61.0
88.0,92.0,53.0,83.0,117.0,84.0,61.0
88.0,92.0,53.0,83.0,116.0,84.0,61.0
88.0,91.0,53.0,83.0,115.0,84.0,61.0
88.0,91.0,53.0,83.0,114.0,84.0,61.0
88.0,90.0,53.0,83.0,113.0,84.0,61.0
88.0,90.0,53.0,83.0,112.0,84.0,61.0
88.0,90.0,53.0,83.0,112.0,84.0,61.0
88.0,90.0,53.0,83.0,112.0,84.0,61.0
88.0,90.0,53.0,83.0,112.0,84.0,61.0
88.0,90.0,53.0,83.0,112.0,84.0,61.0
88.0,90.0,53.0,83.0,113.0,84.0,61.0
88.0,90.0,53.0,83.0,113.0,84.0,61.0
88.0,90.0,53.0,83.0,113.0,84.0,61.0
88.0,90.0,53.0,83.0,114.0,84.0,61.0
88.0,90.0,53.0,83.0,115.0,84.0,61.0
88.0,90.0,53.0,83.0,115.0,84.0,61.0
88.0,90.0,53.0,83.0,116.0,84.0,61.0
88.0,90.0,53.0,83.0,116.0,84.0,61.0
88.0,90.0,53.0,83.0,117.0,84.0,61.0
88.0,90.0,54.0,83.0,117.0,84.0,60.0
88.0,90.0,54.0,83.0,118.0,84.0,60.0
88.0,90.0,54.0,83.0,119.0,84.0,60.0
88.0,90.0,54.0,83.0,119.0,84.0,60.0
88.0,91.0,54.0,83.0,120.0,84.0,60.0
88.0,91.0,54.0,83.0,120.0,84.0,60.0
88.0,91.0,54.0,83.0,121.0,84.0,60.0
88.0,91.0,55.0,83.0,121.0,84.0,61.0
88.0,92.0,55.0,83.0,122.0,84.0,61.0
88.0,92.0,55.0,83.0,122.0,84.0,61.0
88.0,93.0,55.0,83.0,123.0,84.0,61.0
88.0,93.0,55.0,83.0,123.0,84.0,61.0
88.0,93.0,55.0,83.0,124.0,84.0,61.0
88.0,93.0,56.0,83.0,124.0,84.0,61.0
88.0,93.0,56.0,83.0,125.0,84.0,61.0
88.0,93.0,56.0,83.0,125.0,84.0,61.0
88.0,94.0,56.0,83.0,126.0,84.0,61.0
88.0,94.0,56.0,83.0,126.0,84.0,61.0
88.0,95.0,56.0,83.0,126.0,84.0,61.0
87.0,95.0,56.0,83.0,127.0,84.0,61.0
87.0,95.0,56.0,83.0,127.0,84.0,61.0
87.0,95.0,56.0,83.0,127.0,84.0,61.0
87.0,96.0,56.0,83.0,127.0,84.0,61.0
87.0,96.0,56.0,83.0,127.0,84.0,61.0
87.0,96.0,56.0,83.0,126.0,84.0,60.0
87.0,96.0,56.0,83.0,126.0,84.0,61.0
87.0,95.0,56.0,83.0,125.0,84.0,60.0
87.0,95.0,56.0,83.0,124.0,84.0,60.0
87.0,95.0,55.0,83.0,123.0,84.0,61.0
87.0,95.0,55.0,83.0,122.0,84.0,61.0
87.0,95.0,55.0,83.0,121.0,84.0,61.0
87.0,95.0,55.0,83.0,120.0,84.0,61.0
87.0,95.0,55.0,83.0,119.0,84.0,61.0
87.0,94.0,55.0,83.0,119.0,84.0,61.0
87.0,94.0,55.0,83.0,118.0,84.0,61.0
87.0,94.0,54.0,83.0,117.0,84.0,61.0
87.0,93.0,54.0,83.0,116.0,84.0,61.0
87.0,93.0,54.0,83.0,114.0,84.0,61.0
87.0,93.0,54.0,83.0,113.0,84.0,61.0
87.0,93.0,54.0,83.0,112.0,84.0,61.0
87.0,92.0,54.0,83.0,112.0,84.0,61.0
87.0,92.0,54.0,83.0,111.0,84.0,61.0
87.0,92.0,54.0,83.0,111.0,84.0,61.0
87.0,91.0,54.0,83.0,111.0,84.0,61.0
87.0,91.0,54.0,83.0,111.0,84.0,61.0
87.0,90.0,54.0,83.0,111.0,84.0,61.0
87.0,90.0,54.0,83.0,111.0,84.0,61.0
87.0,90.0,54.0,83.0,111.0,84.0,61.0
87.0,90.0,54.0,83.0,112.0,84.0,61.0
87.0,90.0,54.0,83.0,113.0,84.0,61.0
87.0,90.0,54.0,83.0,113.0,84.0,61.0
86.0,90.0,54.0,83.0,113.0,84.0,61.0
86.0,90.0,54.0,83.0,113.0,84.0,61.0
86.0,90.0,54.0,83.0,113.0,84.0,61.0
86.0,90.0,54.0,83.0,113.0,84.0,61.0
86.0,90.0,55.0,83.0,113.0,84.0,61.0
86.0,90.0,55.0,83.0,113.0,84.0,61.0
86.0,90.0,55.0,83.0,114.0,84.0,61.0
86.0,91.0,55.0,83.0,114.0,84.0,61.0
86.0,91.0,55.0,83.0,115.0,84.0,61.0
86.0,91.0,55.0,83.0,115.0,84.0,61.0
86.0,91.0,55.0,83.0,116.0,84.0,61.0
86.0,91.0,55.0,83.0,116.0,84.0,61.0
86.0,91.0,55.0,83.0,116.0,84.0,61.0
85.0,92.0,55.0,83.0,117.0,84.0,61.0
85.0,92.0,55.0,83.0,117.0,84.0,61.0
85.0,92.0,55.0,83.0,118.0,84.0,61.0
85.0,93.0,55.0,83.0,118.0,84.0,61.0
85.0,93.0,55.0,83.0,119.0,84.0,61.0
85.0,93.0,55.0,83.0,119.0,84.0,60.0
84.0,93.0,55.0,83.0,119.0,84.0,60.0
84.0,93.0,55.0,83.0,120.0,84.0,60.0
84.0,93.0,56.0,83.0,120.0,84.0,60.0
84.0,93.0,56.0,83.0,121.0,84.0,61.0
84.0,93.0,56.0,83.0,121.0,84.0,61.0
84.0,94.0,56.0,83.0,121.0,84.0,61.0
84.0,94.0,56.0,83.0,122.0,84.0,61.0
84.0,94.0,56.0,83.0,122.0,84.0,61.0
84.0,94.0,56.0,83.0,122.0,84.0,61.0
83.0,95.0,56.0,83.0,123.0,84.0,61.0
83.0,95.0,57.0,83.0,123.0,84.0,61.0
83.0,95.0,57.0,83.0,123.0,84.0,61.0
83.0,95.0,57.0,83.0,122.0,84.0,61.0
83.0,95.0,57.0,83.0,122.0,84.0,61.0
84.0,95.0,57.0,83.0,121.0,84.0,61.0
84.0,95.0,56.0,83.0,121.0,84.0,61.0
84.0,95.0,56.0,83.0,120.0,84.0,60.0
84.0,95.0,56.0,83.0,120.0,84.0,60.0
84.0,95.0,56.0,83.0,119.0,84.0,60.0
84.0,95.0,55.0,83.0,119.0,84.0,60.0
85.0,95.0,55.0,83.0,118.0,84.0,60.0
85.0,95.0,55.0,83.0,118.0,84.0,60.0
85.0,95.0,55.0,83.0,117.0,84.0,60.0
85.0,94.0,55.0,83.0,116.0,84.0,61.0
86.0,94.0,54.0,83.0,115.0,84.0,61.0
86.0,94.0,54.0,83.0,114.0,84.0,60.0
86.0,94.0,54.0,83.0,113.0,84.0,60.0
86.0,93.0,54.0,83.0,112.0,84.0,61.0
86.0,93.0,54.0,83.0,111.0,84.0,61.0
86.0,93.0,54.0,83.0,111.0,84.0,61.0
86.0,93.0,54.0,83.0,111.0,84.0,61.0
86.0,93.0,54.0,83.0,110.0,84.0,61.0
86.0,93.0,54.0,83.0,109.0,84.0,61.0
86.0,93.0,54.0,83.0,108.0,84.0,61.0
86.0,93.0,54.0,83.0,108.0,84.0,61.0
86.0,93.0,54.0,83.0,107.0,84.0,61.0
86.0,92.0,54.0,83.0,107.0,84.0,61.0
87.0,92.0,54.0,83.0,107.0,84.0,61.0
87.0,92.0,54.0,83.0,106.0,84.0,61.0
87.0,91.0,54.0,83.0,106.0,84.0,61.0
87.0,91.0,54.0,83.0,105.0,84.0,61.0
87.0,91.0,54.0,83.0,105.0,84.0,61.0
87.0,90.0,54.0,83.0,105.0,84.0,60.0
87.0,90.0,54.0,83.0,105.0,84.0,60.0
87.0,90.0,54.0,83.0,105.0,84.0,60.0
87.0,90.0,54.0,83.0,105.0,84.0,60.0
87.0,90.0,54.0,83.0,105.0,84.0,61.0
87.0,90.0,54.0,83.0,105.0,84.0,61.0
87.0,90.0,54.0,83.0,105.0,84.0,61.0
87.0,90.0,54.0,83.0,105.0,84.0,61.0
87.0,90.0,54.0,83.0,105.0,84.0,61.0
87.0,90.0,54.0,83.0,106.0,84.0,61.0
88.0,90.0,54.0,83.0,106.0,84.0,61.0
88.0,90.0,54.0,83.0,106.0,84.0,61.0
88.0,90.0,54.0,83.0,106.0,84.0,60.0
88.0,90.0,54.0,83.0,106.0,84.0,60.0
88.0,90.0,55.0,83.0,106.0,84.0,60.0
88.0,90.0,55.0,83.0,106.0,84.0,60.0
88.0,90.0,55.0,83.0,106.0,84.0,61.0
88.0,90.0,55.0,83.0,106.0,84.0,61.0
88.0,90.0,55.0,83.0,107.0,84.0,61.0
88.0,90.0,55.0,83.0,107.0,84.0,61.0
88.0,90.0,55.0,83.0,107.0,84.0,61.0
88.0,90.0,55.0,83.0,108.0,84.0,61.0
88.0,91.0,55.0,83.0,108.0,84.0,61.0
88.0,91.0,55.0,83.0,108.0,84.0,61.0
88.0,91.0,55.0,83.0,109.0,84.0,61.0
88.0,92.0,55.0,83.0,109.0,84.0,61.0
88.0,92.0,55.0,83.0,110.0,84.0,61.0
88.0,92.0,55.0,83.0,110.0,84.0,61.0
88.0,92.0,55.0,83.0,111.0,84.0,61.0
88.0,92.0,55.0,83.0,111.0,84.0,61.0
88.0,93.0,55.0,83.0,111.0,84.0,61.0
88.0,93.0,55.0,83.0,111.0,84.0,61.0
88.0,93.0,55.0,83.0,112.0,84.0,61.0
88.0,93.0,55.0,83.0,113.0,84.0,61.0
88.0,93.0,55.0,83.0,113.0,84.0,61.0
88.0,93.0,56.0,83.0,114.0,84.0,61.0
88.0,93.0,56.0,83.0,114.0,84.0,61.0
88.0,93.0,56.0,83.0,114.0,84.0,61.0
88.0,94.0,56.0,83.0,115.0,84.0,61.0
88.0,94.0,56.0,83.0,115.0,84.0,61.0
88.0,94.0,56.0,83.0,115.0,84.0,61.0
88.0,94.0,56.0,83.0,115.0,84.0,61.0
89.0,95.0,56.0,83.0,115.0,84.0,61.0
89.0,95.0,56.0,83.0,116.0,84.0,61.0
89.0,95.0,57.0,83.0,116.0,84.0,61.0
89.0,95.0,57.0,83.0,116.0,84.0,61.0
89.0,95.0,57.0,83.0,116.0,84.0,61.0
89.0,95.0,57.0,83.0,117.0,84.0,61.0
89.0,96.0,57.0,83.0,117.0,84.0,61.0
89.0,96.0,57.0,83.0,117.0,84.0,61.0
89.0,96.0,57.0,83.0,118.0,84.0,61.0
89.0,97.0,57.0,83.0,118.0,84.0,61.0
89.0,97.0,57.0,83.0,119.0,84.0,61.0
89.0,97.0,58.0,83.0,119.0,84.0,61.0
89.0,97.0,58.0,83.0,120.0,84.0,61.0
89.0,97.0,58.0,83.0,120.0,84.0,60.0
89.0,97.0,58.0,83.0,121.0,84.0,60.0
89.0,97.0,58.0,83.0,121.0,84.0,60.0
89.0,98.0,59.0,83.0,121.0,84.0,60.0
89.0,98.0,59.0,83.0,121.0,84.0,60.0
89.0,99.0,59.0,83.0,122.0,84.0,60.0
89.0,100.0,59.0,83.0,122.0,84.0,60.0
89.0,100.0,59.0,83.0,122.0,84.0,61.0
89.0,100.0,59.0,83.0,122.0,84.0,61.0
89.0,100.0,59.0,83.0,123.0,84.0,61.0
89.0,100.0,59.0,83.0,123.0,84.0,61.0
89.0,100.0,59.0,83.0,124.0,84.0,61.0
89.0,100.0,60.0,83.0,124.0,84.0,61.0
89.0,100.0,60.0,83.0,124.0,84.0,61.0
89.0,101.0,60.0,83.0,124.0,84.0,61.0
89.0,102.0,60.0,83.0,125.0,84.0,61.0
89.0,102.0,60.0,83.0,126.0,84.0,61.0
89.0,102.0,60.0,83.0,126.0,84.0,61.0
89.0,102.0,60.0,83.0,126.0,84.0,61.0
89.0,102.0,61.0,83.0,127.0,84.0,61.0
89.0,103.0,61.0,83.0,127.0,84.0,61.0
89.0,103.0,61.0,83.0,127.0,84.0,61.0
90.0,103.0,61.0,83.0,128.0,84.0,61.0
90.0,103.0,62.0,83.0,128.0,84.0,61.0
90.0,103.0,62.0,83.0,128.0,84.0,61.0
90.0,104.0,62.0,83.0,129.0,84.0,61.0
90.0,104.0,62.0,83.0,129.0,84.0,61.0
90.0,104.0,62.0,83.0,129.0,84.0,61.0
90.0,104.0,62.0,83.0,129.0,84.0,61.0
90.0,105.0,63.0,83.0,130.0,84.0,61.0
90.0,105.0,63.0,83.0,130.0,84.0,61.0
90.0,105.0,63.0,83.0,130.0,84.0,61.0
90.0,105.0,63.0,83.0,130.0,84.0,61.0
90.0,105.0,63.0,83.0,130.0,84.0,60.0
90.0,106.0,63.0,83.0,130.0,84.0,60.0
90.0,106.0,63.0,83.0,130.0,84.0,60.0
90.0,106.0,63.0,83.0,129.0,84.0,60.0
91.0,106.0,63.0,83.0,129.0,84.0,60.0
91.0,106.0,63.0,83.0,128.0,84.0,60.0
91.0,106.0,63.0,83.0,128.0,84.0,60.0
91.0,106.0,63.0,83.0,128.0,84.0,60.0
91.0,105.0,63.0,83.0,127.0,84.0,60.0
91.0,105.0,63.0,83.0,127.0,84.0,61.0
91.0,105.0,63.0,83.0,127.0,84.0,60.0
91.0,105.0,62.0,83.0,126.0,84.0,60.0
91.0,105.0,62.0,83.0,126.0,84.0,61.0
91.0,105.0,62.0,83.0,125.0,84.0,61.0
91.0,104.0,62.0,83.0,124.0,84.0,61.0
91.0,104.0,61.0,83.0,123.0,84.0,61.0
91.0,104.0,60.0,83.0,122.0,84.0,61.0
91.0,104.0,60.0,83.0,122.0,84.0,60.0
91.0,104.0,59.0,83.0,121.0,84.0,60.0
91.0,104.0,59.0,83.0,121.0,84.0,60.0
91.0,103.0,59.0,83.0,120.0,84.0,60.0
91.0,103.0,59.0,83.0,119.0,84.0,61.0
91.0,103.0,58.0,83.0,118.0,84.0,61.0
91.0,102.0,58.0,83.0,118.0,85.0,61.0
91.0,102.0,58.0,83.0,117.0,84.0,61.0
91.0,102.0,58.0,83.0,116.0,84.0,61.0
91.0,102.0,58.0,83.0,116.0,84.0,61.0
91.0,101.0,58.0,83.0,115.0,84.0,61.0
91.0,100.0,58.0,83.0,115.0,84.0,61.0
91.0,100.0,58.0,83.0,115.0,84.0,61.0
91.0,100.0,58.0,83.0,115.0,84.0,61.0
91.0,100.0,58.0,83.0,115.0,84.0,61.0
91.0,100.0,58.0,83.0,115.0,84.0,60.0
91.0,100.0,58.0,83.0,115.0,84.0,61.0
91.0,100.0,58.0,83.0,115.0,84.0,61.0
91.0,100.0,58.0,83.0,115.0,84.0,61.0
91.0,99.0,58.0,83.0,115.0,84.0,61.0
91.0,98.0,58.0,83.0,115.0,84.0,61.0
91.0,98.0,58.0,83.0,115.0,84.0,60.0
92.0,98.0,58.0,83.0,115.0,84.0,60.0
92.0,97.0,58.0,83.0,115.0,84.0,60.0
92.0,97.0,58.0,83.0,115.0,84.0,60.0
92.0,97.0,57.0,83.0,115.0,84.0,60.0
92.0,97.0,58.0,83.0,115.0,84.0,60.0
92.0,97.0,58.0,83.0,115.0,84.0,61.0
92.0,97.0,58.0,83.0,115.0,84.0,61.0
93.0,96.0,58.0,83.0,114.0,84.0,61.0
93.0,96.0,58.0,83.0,114.0,84.0,60.0
93.0,96.0,58.0,83.0,114.0,84.0,60.0
93.0,95.0,57.0,83.0,114.0,84.0,60.0
93.0,95.0,57.0,83.0,114.0,84.0,60.0
93.0,95.0,57.0,83.0,114.0,84.0,60.0
94.0,95.0,57.0,83.0,114.0,84.0,61.0
94.0,95.0,57.0,83.0,114.0,84.0,61.0
94.0,95.0,57.0,83.0,114.0,84.0,61.0
94.0,95.0,57.0,83.0,114.0,84.0,61.0
94.0,95.0,57.0,83.0,114.0,84.0,61.0
95.0,95.0,57.0,83.0,114.0,84.0,61.0
95.0,95.0,57.0,83.0,114.0,84.0,61.0
95.0,95.0,57.0,83.0,114.0,84.0,61.0
95.0,95.0,58.0,83.0,114.0,84.0,61.0
96.0,95.0,58.0,83.0,114.0,84.0,61.0
96.0,95.0,58.0,83.0,114.0,84.0,61.0
96.0,95.0,58.0,83.0,114.0,84.0,61.0
96.0,95.0,58.0,83.0,114.0,84.0,61.0
96.0,95.0,58.0,83.0,115.0,84.0,61.0
97.0,95.0,58.0,83.0,115.0,84.0,61.0
97.0,95.0,58.0,83.0,115.0,84.0,61.0
97.0,95.0,58.0,83.0,115.0,84.0,61.0
97.0,95.0,58.0,83.0,115.0,84.0,61.0
97.0,96.0,58.0,83.0,115.0,84.0,60.0
97.0,96.0,58.0,83.0,115.0,84.0,60.0
97.0,96.0,59.0,83.0,116.0,84.0,60.0
97.0,97.0,59.0,83.0,116.0,85.0,60.0
97.0,97.0,59.0,83.0,117.0,85.0,60.0
97.0,97.0,59.0,83.0,119.0,85.0,60.0
97.0,97.0,59.0,83.0,120.0,85.0,60.0
97.0,97.0,59.0,83.0,120.0,85.0,60.0
97.0,97.0,59.0,83.0,121.0,85.0,60.0
96.0,97.0,59.0,83.0,121.0,85.0,60.0
96.0,97.0,59.0,83.0,121.0,84.0,60.0
96.0,97.0,59.0,83.0,121.0,84.0,60.0
96.0,97.0,59.0,83.0,120.0,85.0,60.0
96.0,97.0,58.0,83.0,119.0,85.0,60.0
96.0,97.0,58.0,83.0,119.0,85.0,60.0
96.0,97.0,58.0,83.0,118.0,85.0,60.0
96.0,97.0,58.0,83.0,118.0,84.0,60.0
96.0,97.0,58.0,83.0,118.0,85.0,60.0
96.0,97.0,58.0,83.0,118.0,84.0,61.0
96.0,97.0,58.0,83.0,118.0,84.0,60.0
96.0,97.0,58.0,83.0,117.0,85.0,60.0
96.0,97.0,58.0,83.0,117.0,85.0,60.0
96.0,97.0,58.0,83.0,117.0,85.0,60.0
96.0,97.0,58.0,83.0,117.0,85.0,60.0
95.0,97.0,58.0,83.0,117.0,85.0,61.0
95.0,97.0,58.0,83.0,117.0,85.0,60.0
95.0,97.0,58.0,83.0,117.0,85.0,60.0
95.0,97.0,58.0,83.0,117.0,85.0,60.0
95.0,97.0,58.0,83.0,117.0,85.0,60.0
95.0,97.0,58.0,83.0,117.0,85.0,60.0
95.0,97.0,58.0,83.0,118.0,85.0,60.0
94.0,97.0,58.0,83.0,118.0,84.0,60.0
94.0,97.0,58.0,83.0,118.0,84.0,60.0
94.0,97.0,58.0,83.0,118.0,85.0,60.0
94.0,97.0,58.0,83.0,118.0,85.0,60.0
95.0,97.0,58.0,83.0,118.0,85.0,60.0
95.0,97.0,58.0,83.0,118.0,85.0,61.0
95.0,97.0,58.0,83.0,119.0,85.0,60.0
95.0,97.0,59.0,83.0,119.0,85.0,60.0
95.0,97.0,59.0,83.0,119.0,85.0,60.0
95.0,97.0,59.0,83.0,120.0,85.0,60.0
95.0,97.0,59.0,83.0,120.0,85.0,60.0
95.0,97.0,59.0,83.0,121.0,85.0,60.0
95.0,97.0,59.0,83.0,122.0,84.0,60.0
95.0,97.0,59.0,83.0,123.0,84.0,60.0
95.0,98.0,59.0,83.0,123.0,85.0,60.0
95.0,98.0,59.0,83.0,124.0,85.0,60.0
95.0,98.0,59.0,83.0,124.0,85.0,60.0
95.0,98.0,59.0,83.0,124.0,84.0,60.0
95.0,99.0,59.0,83.0,124.0,84.0,60.0
95.0,100.0,59.0,83.0,125.0,84.0,60.0
95.0,100.0,59.0,83.0,125.0,84.0,60.0
95.0,100.0,59.0,83.0,125.0,84.0,60.0
95.0,100.0,59.0,83.0,125.0,85.0,60.0
94.0,100.0,59.0,83.0,125.0,85.0,60.0
94.0,100.0,59.0,83.0,125.0,85.0,60.0
94.0,100.0,59.0,83.0,125.0,85.0,60.0
94.0,100.0,59.0,83.0,125.0,85.0,60.0
94.0,100.0,59.0,83.0,125.0,85.0,60.0
94.0,100.0,59.0,83.0,125.0,85.0,60.0
94.0,101.0,59.0,83.0,125.0,84.0,60.0
94.0,102.0,59.0,83.0,125.0,84.0,60.0
93.0,102.0,59.0,83.0,125.0,84.0,60.0
93.0,102.0,59.0,83.0,125.0,85.0,60.0
93.0,102.0,59.0,83.0,125.0,85.0,60.0
93.0,103.0,59.0,83.0,125.0,85.0,60.0
93.0,103.0,60.0,83.0,125.0,85.0,60.0
93.0,103.0,60.0,83.0,125.0,85.0,60.0
93.0,104.0,60.0,83.0,125.0,84.0,60.0
93.0,104.0,60.0,83.0,126.0,84.0,60.0
93.0,104.0,60.0,83.0,126.0,84.0,61.0
93.0,104.0,60.0,83.0,125.0,84.0,60.0
93.0,104.0,60.0,83.0,125.0,84.0,61.0
93.0,104.0,60.0,83.0,125.0,84.0,60.0
93.0,105.0,60.0,83.0,125.0,84.0,60.0
93.0,105.0,59.0,83.0,125.0,84.0,60.0
93.0,105.0,59.0,83.0,124.0,85.0,60.0
93.0,105.0,59.0,83.0,124.0,84.0,60.0
93.0,105.0,59.0,83.0,124.0,85.0,60.0
93.0,105.0,59.0,83.0,124.0,85.0,60.0
93.0,105.0,59.0,83.0,123.0,85.0,60.0
93.0,104.0,59.0,83.0,123.0,85.0,60.0
94.0,104.0,59.0,83.0,122.0,85.0,61.0
94.0,104.0,59.0,83.0,121.0,85.0,61.0
94.0,104.0,59.0,83.0,121.0,84.0,61.0
94.0,104.0,59.0,83.0,120.0,84.0,61.0
94.0,104.0,59.0,83.0,120.0,84.0,61.0
94.0,104.0,59.0,83.0,120.0,85.0,61.0
94.0,104.0,59.0,83.0,119.0,85.0,61.0
94.0,104.0,59.0,83.0,119.0,85.0,61.0
94.0,104.0,59.0,83.0,119.0,85.0,61.0
94.0,104.0,59.0,83.0,118.0,85.0,61.0
94.0,104.0,59.0,83.0,118.0,85.0,60.0
94.0,104.0,60.0,83.0,117.0,85.0,60.0
94.0,104.0,60.0,83.0,117.0,85.0,60.0
94.0,104.0,60.0,83.0,116.0,84.0,60.0
94.0,104.0,60.0,83.0,116.0,84.0,60.0
94.0,104.0,60.0,83.0,115.0,84.0,60.0
95.0,103.0,60.0,83.0,115.0,84.0,60.0
95.0,103.0,60.0,83.0,114.0,84.0,60.0
95.0,103.0,60.0,83.0,114.0,85.0,61.0
95.0,103.0,60.0,83.0,113.0,85.0,60.0
95.0,103.0,60.0,83.0,113.0,85.0,60.0
95.0,103.0,61.0,83.0,113.0,85.0,60.0
95.0,103.0,61.0,83.0,113.0,85.0,60.0
95.0,103.0,61.0,83.0,113.0,84.0,60.0
95.0,104.0,61.0,83.0,113.0,84.0,60.0
96.0,104.0,61.0,83.0,113.0,85.0,60.0
96.0,104.0,61.0,83.0,113.0,84.0,60.0
96.0,104.0,62.0,83.0,113.0,84.0,60.0
96.0,104.0,62.0,83.0,113.0,84.0,60.0
96.0,104.0,62.0,83.0,114.0,84.0,60.0
96.0,104.0,62.0,83.0,114.0,84.0,60.0
96.0,104.0,62.0,83.0,114.0,84.0,60.0
96.0,104.0,62.0,83.0,114.0,84.0,60.0
96.0,105.0,62.0,83.0,114.0,84.0,60.0
96.0,105.0,63.0,83.0,114.0,84.0,60.0
96.0,105.0,63.0,83.0,114.0,84.0,60.0
96.0,105.0,63.0,83.0,114.0,84.0,60.0
97.0,105.0,63.0,83.0,114.0,85.0,60.0
97.0,106.0,63.0,83.0,114.0,85.0,60.0
97.0,106.0,63.0,83.0,114.0,85.0,60.0
97.0,106.0,63.0,83.0,114.0,85.0,60.0
97.0,106.0,63.0,83.0,114.0,85.0,61.0
97.0,106.0,63.0,83.0,114.0,85.0,60.0
97.0,106.0,64.0,83.0,114.0,85.0,60.0
97.0,106.0,64.0,83.0,114.0,85.0,60.0
97.0,106.0,64.0,83.0,114.0,85.0,60.0
97.0,106.0,64.0,83.0,114.0,85.0,60.0
97.0,107.0,64.0,83.0,114.0,84.0,60.0
97.0,107.0,64.0,83.0,114.0,84.0,60.0
97.0,107.0,64.0,83.0,114.0,84.0,60.0
97.0,107.0,65.0,83.0,115.0,84.0,60.0
97.0,108.0,65.0,83.0,115.0,84.0,60.0
97.0,108.0,65.0,83.0,115.0,85.0,60.0
97.0,108.0,65.0,83.0,115.0,84.0,60.0
97.0,109.0,65.0,83.0,115.0,85.0,60.0
97.0,109.0,65.0,83.0,115.0,84.0,60.0
97.0,109.0,65.0,83.0,116.0,84.0,60.0
97.0,109.0,65.0,83.0,116.0,84.0,60.0
97.0,109.0,65.0,83.0,116.0,85.0,60.0
97.0,109.0,66.0,83.0,116.0,85.0,60.0
97.0,110.0,66.0,83.0,117.0,85.0,60.0
97.0,110.0,66.0,83.0,117.0,85.0,61.0
97.0,110.0,66.0,83.0,117.0,85.0,61.0
97.0,110.0,66.0,83.0,118.0,84.0,61.0
97.0,110.0,66.0,83.0,119.0,84.0,61.0
97.0,111.0,66.0,83.0,119.0,85.0,61.0
97.0,111.0,66.0,83.0,119.0,84.0,61.0
97.0,111.0,66.0,83.0,120.0,84.0,61.0
97.0,111.0,67.0,83.0,120.0,84.0,61.0
97.0,111.0,67.0,83.0,120.0,84.0,60.0
97.0,111.0,67.0,83.0,120.0,84.0,60.0
97.0,111.0,67.0,83.0,121.0,85.0,60.0
97.0,111.0,67.0,83.0,121.0,85.0,60.0
97.0,111.0,67.0,83.0,121.0,85.0,60.0
97.0,111.0,67.0,83.0,121.0,85.0,60.0
97.0,111.0,67.0,83.0,121.0,84.0,60.0
97.0,111.0,67.0,83.0,122.0,84.0,60.0
98.0,111.0,67.0,83.0,122.0,84.0,60.0
98.0,111.0,67.0,83.0,122.0,84.0,61.0
98.0,111.0,68.0,83.0,123.0,85.0,60.0
98.0,111.0,68.0,83.0,123.0,85.0,60.0
98.0,111.0,68.0,83.0,124.0,85.0,60.0
98.0,111.0,68.0,83.0,124.0,85.0,60.0
98.0,111.0,67.0,83.0,124.0,84.0,60.0
98.0,111.0,67.0,83.0,124.0,84.0,60.0
97.0,111.0,67.0,83.0,123.0,84.0,60.0
97.0,111.0,66.0,83.0,122.0,84.0,60.0
97.0,112.0,66.0,83.0,122.0,85.0,61.0
97.0,112.0,66.0,83.0,122.0,84.0,60.0
97.0,112.0,66.0,83.0,122.0,85.0,60.0
96.0,112.0,66.0,83.0,122.0,85.0,60.0
96.0,112.0,66.0,83.0,122.0,85.0,60.0
96.0,113.0,66.0,83.0,122.0,85.0,60.0
95.0,113.0,66.0,83.0,122.0,85.0,60.0
95.0,113.0,66.0,83.0,121.0,85.0,60.0
95.0,113.0,66.0,83.0,121.0,85.0,60.0
95.0,113.0,66.0,83.0,120.0,85.0,60.0
94.0,113.0,66.0,83.0,120.0,84.0,60.0
94.0,113.0,66.0,83.0,120.0,84.0,60.0
94.0,114.0,66.0,83.0,119.0,85.0,61.0
93.0,114.0,66.0,83.0,118.0,84.0,61.0
93.0,114.0,66.0,83.0,118.0,84.0,61.0
93.0,114.0,66.0,83.0,117.0,84.0,61.0
93.0,114.0,66.0,83.0,116.0,84.0,61.0
93.0,114.0,66.0,83.0,116.0,84.0,61.0
92.0,114.0,66.0,83.0,115.0,85.0,61.0
92.0,114.0,66.0,83.0,115.0,85.0,60.0
92.0,113.0,66.0,83.0,114.0,85.0,60.0
92.0,113.0,66.0,83.0,114.0,85.0,60.0
92.0,113.0,66.0,83.0,113.0,85.0,60.0
92.0,113.0,66.0,83.0,113.0,85.0,60.0
92.0,113.0,66.0,83.0,113.0,85.0,60.0
91.0,113.0,67.0,83.0,114.0,85.0,60.0
91.0,113.0,67.0,83.0,114.0,85.0,60.0
91.0,113.0,67.0,83.0,114.0,85.0,60.0
91.0,114.0,67.0,83.0,115.0,85.0,60.0
91.0,114.0,67.0,83.0,115.0,85.0,60.0
91.0,114.0,67.0,83.0,115.0,85.0,60.0
91.0,114.0,67.0,83.0,116.0,85.0,61.0
91.0,114.0,67.0,83.0,116.0,85.0,60.0
91.0,114.0,67.0,83.0,116.0,85.0,60.0
91.0,114.0,67.0,83.0,117.0,85.0,60.0
91.0,115.0,67.0,83.0,118.0,84.0,60.0
91.0,115.0,67.0,83.0,119.0,84.0,60.0
91.0,115.0,67.0,83.0,119.0,85.0,60.0
91.0,115.0,67.0,83.0,119.0,85.0,61.0
91.0,115.0,67.0,83.0,119.0,85.0,61.0
91.0,115.0,67.0,83.0,120.0,85.0,61.0
91.0,115.0,68.0,83.0,120.0,85.0,61.0
91.0,115.0,68.0,83.0,120.0,84.0,61.0
91.0,115.0,68.0,83.0,121.0,85.0,61.0
91.0,115.0,68.0,83.0,121.0,85.0,60.0
91.0,115.0,68.0,83.0,121.0,85.0,60.0
91.0,115.0,68.0,83.0,121.0,85.0,60.0
91.0,115.0,68.0,83.0,120.0,84.0,60.0
91.0,115.0,68.0,83.0,119.0,84.0,60.0
91.0,115.0,68.0,83.0,119.0,84.0,60.0
91.0,115.0,68.0,83.0,119.0,84.0,60.0
92.0,115.0,68.0,83.0,119.0,84.0,60.0
92.0,115.0,68.0,83.0,119.0,84.0,60.0
92.0,114.0,68.0,83.0,119.0,84.0,60.0
92.0,114.0,68.0,83.0,119.0,84.0,60.0
93.0,114.0,68.0,83.0,119.0,85.0,60.0
93.0,114.0,68.0,83.0,119.0,85.0,61.0
93.0,114.0,68.0,83.0,119.0,85.0,60.0
93.0,114.0,68.0,83.0,119.0,85.0,60.0
93.0,115.0,68.0,83.0,119.0,84.0,60.0
93.0,115.0,68.0,83.0,118.0,85.0,60.0
93.0,115.0,68.0,83.0,118.0,84.0,60.0
93.0,115.0,68.0,83.0,118.0,84.0,60.0
94.0,115.0,68.0,83.0,118.0,84.0,60.0
94.0,115.0,68.0,83.0,118.0,84.0,60.0
94.0,115.0,68.0,83.0,118.0,84.0,60.0
94.0,115.0,68.0,83.0,118.0,84.0,60.0
95.0,115.0,68.0,83.0,118.0,84.0,60.0
95.0,115.0,68.0,83.0,118.0,85.0,60.0
95.0,115.0,68.0,83.0,118.0,85.0,60.0
95.0,115.0,68.0,83.0,118.0,85.0,60.0
96.0,115.0,68.0,83.0,118.0,84.0,61.0
96.0,115.0,68.0,83.0,118.0,84.0,60.0
96.0,114.0,68.0,83.0,118.0,84.0,60.0
96.0,114.0,68.0,83.0,118.0,84.0,60.0
96.0,114.0,68.0,83.0,118.0,84.0,60.0
97.0,114.0,68.0,83.0,118.0,85.0,60.0
97.0,114.0,68.0,83.0,118.0,85.0,60.0
97.0,114.0,68.0,83.0,118.0,84.0,60.0
97.0,114.0,68.0,83.0,118.0,84.0,60.0
97.0,114.0,68.0,83.0,117.0,84.0,60.0
97.0,114.0,68.0,83.0,117.0,84.0,60.0
97.0,114.0,68.0,83.0,117.0,84.0,60.0
97.0,114.0,68.0,83.0,117.0,84.0,60.0
97.0,114.0,68.0,83.0,116.0,84.0,60.0
97.0,114.0,68.0,83.0,116.0,84.0,60.0
97.0,114.0,68.0,83.0,116.0,84.0,60.0
97.0,114.0,68.0,83.0,116.0,84.0,60.0
97.0,114.0,68.0,83.0,116.0,84.0,60.0
97.0,114.0,68.0,83.0,116.0,84.0,60.0
97.0,114.0,68.0,83.0,116.0,85.0,60.0
97.0,114.0,69.0,83.0,117.0,85.0,61.0
97.0,114.0,69.0,83.0,117.0,84.0,61.0
97.0,114.0,69.0,83.0,117.0,84.0,60.0
97.0,115.0,69.0,83.0,117.0,84.0,60.0
97.0,115.0,69.0,83.0,117.0,84.0,60.0
97.0,115.0,69.0,83.0,117.0,84.0,60.0
97.0,115.0,69.0,83.0,117.0,84.0,60.0
97.0,115.0,69.0,83.0,117.0,84.0,60.0
96.0,115.0,69.0,83.0,117.0,84.0,60.0
96.0,115.0,69.0,83.0,117.0,84.0,60.0
96.0,115.0,69.0,83.0,117.0,84.0,60.0
96.0,115.0,70.0,83.0,117.0,84.0,60.0
95.0,116.0,70.0,83.0,117.0,84.0,60.0
95.0,116.0,70.0,83.0,117.0,84.0,60.0
95.0,116.0,70.0,83.0,117.0,85.0,60.0
95.0,116.0,70.0,83.0,117.0,85.0,60.0
95.0,116.0,70.0,83.0,117.0,85.0,60.0
94.0,116.0,70.0,83.0,117.0,85.0,60.0
94.0,116.0,70.0,83.0,117.0,85.0,60.0
94.0,116.0,70.0,83.0,117.0,85.0,60.0
94.0,116.0,70.0,83.0,117.0,85.0,60.0
93.0,117.0,71.0,83.0,117.0,85.0,60.0
93.0,117.0,71.0,83.0,117.0,84.0,60.0
93.0,117.0,71.0,83.0,117.0,84.0,60.0
93.0,117.0,71.0,83.0,118.0,84.0,60.0
93.0,117.0,71.0,83.0,118.0,84.0,60.0
93.0,117.0,71.0,83.0,118.0,85.0,60.0
92.0,118.0,71.0,83.0,118.0,85.0,60.0
92.0,118.0,71.0,83.0,118.0,85.0,60.0
92.0,118.0,71.0,83.0,118.0,85.0,60.0
92.0,118.0,70.0,83.0,118.0,85.0,60.0
92.0,119.0,70.0,83.0,118.0,85.0,60.0
92.0,119.0,69.0,83.0,117.0,85.0,60.0
92.0,119.0,69.0,83.0,117.0,85.0,60.0
92.0,119.0,69.0,83.0,117.0,85.0,60.0
93.0,119.0,68.0,83.0,117.0,85.0,61.0
93.0,118.0,68.0,83.0,116.0,85.0,61.0
93.0,118.0,68.0,83.0,116.0,85.0,61.0
93.0,118.0,68.0,83.0,115.0,85.0,60.0
93.0,118.0,68.0,82.0,115.0,84.0,60.0
93.0,118.0,67.0,82.0,114.0,84.0,60.0
94.0,118.0,67.0,82.0,113.0,84.0,60.0
94.0,118.0,67.0,82.0,113.0,84.0,60.0
94.0,118.0,67.0,82.0,113.0,84.0,60.0
94.0,118.0,67.0,82.0,113.0,84.0,60.0
95.0,118.0,67.0,82.0,113.0,84.0,60.0
95.0,118.0,67.0,82.0,113.0,84.0,60.0
95.0,118.0,67.0,82.0,112.0,84.0,60.0
95.0,118.0,67.0,82.0,112.0,85.0,60.0
95.0,118.0,67.0,82.0,112.0,84.0,60.0
95.0,118.0,67.0,82.0,112.0,84.0,61.0
95.0,118.0,68.0,82.0,112.0,84.0,61.0
95.0,118.0,68.0,82.0,112.0,84.0,60.0
95.0,118.0,68.0,82.0,112.0,84.0,60.0
95.0,118.0,68.0,82.0,112.0,84.0,60.0
95.0,118.0,68.0,82.0,112.0,84.0,60.0
95.0,118.0,68.0,82.0,112.0,84.0,60.0
95.0,118.0,68.0,82.0,112.0,84.0,60.0
95.0,118.0,68.0,82.0,112.0,84.0,60.0
95.0,118.0,68.0,82.0,112.0,84.0,60.0
95.0,118.0,69.0,82.0,112.0,84.0,60.0
95.0,118.0,69.0,82.0,112.0,84.0,60.0
94.0,118.0,69.0,82.0,112.0,84.0,60.0
94.0,118.0,69.0,82.0,112.0,84.0,60.0
94.0,118.0,69.0,82.0,112.0,84.0,60.0
94.0,118.0,69.0,82.0,112.0,84.0,60.0
94.0,118.0,69.0,82.0,112.0,85.0,60.0
93.0,118.0,69.0,82.0,112.0,85.0,60.0
93.0,118.0,68.0,82.0,112.0,85.0,60.0
93.0,118.0,68.0,82.0,111.0,85.0,60.0
93.0,118.0,68.0,82.0,111.0,84.0,60.0
93.0,118.0,68.0,82.0,111.0,84.0,60.0
93.0,118.0,68.0,82.0,111.0,84.0,60.0
93.0,118.0,68.0,82.0,111.0,84.0,60.0
93.0,118.0,68.0,82.0,111.0,85.0,60.0
92.0,117.0,68.0,82.0,111.0,85.0,60.0
92.0,117.0,68.0,82.0,111.0,85.0,60.0
92.0,117.0,69.0,82.0,111.0,84.0,60.0
92.0,117.0,69.0,82.0,111.0,84.0,60.0
91.0,117.0,69.0,82.0,111.0,85.0,60.0
91.0,117.0,69.0,82.0,111.0,84.0,60.0
91.0,117.0,69.0,82.0,111.0,85.0,60.0
91.0,118.0,70.0,82.0,112.0,84.0,60.0
91.0,118.0,70.0,82.0,112.0,84.0,60.0
91.0,118.0,70.0,82.0,112.0,84.0,60.0
91.0,118.0,70.0,82.0,113.0,84.0,61.0
91.0,118.0,70.0,82.0,113.0,84.0,61.0
90.0,118.0,70.0,82.0,113.0,84.0,61.0
90.0,119.0,71.0,82.0,113.0,84.0,60.0
90.0,119.0,71.0,82.0,114.0,84.0,60.0
90.0,119.0,71.0,82.0,114.0,84.0,60.0
90.0,119.0,71.0,82.0,115.0,85.0,60.0
90.0,119.0,72.0,82.0,115.0,85.0,60.0
90.0,119.0,72.0,82.0,116.0,85.0,60.0
90.0,119.0,72.0,82.0,116.0,85.0,60.0
89.0,120.0,72.0,82.0,116.0,85.0,60.0
89.0,120.0,72.0,82.0,116.0,85.0,60.0
89.0,120.0,73.0,82.0,116.0,85.0,60.0
89.0,120.0,73.0,82.0,116.0,85.0,60.0
89.0,120.0,73.0,82.0,116.0,84.0,60.0
89.0,120.0,73.0,82.0,117.0,85.0,60.0
89.0,120.0,73.0,82.0,117.0,85.0,60.0
89.0,120.0,73.0,82.0,119.0,85.0,60.0
89.0,120.0,73.0,82.0,119.0,85.0,60.0
89.0,120.0,73.0,82.0,119.0,85.0,61.0
89.0,121.0,73.0,82.0,119.0,85.0,61.0
89.0,121.0,73.0,82.0,119.0,85.0,61.0
89.0,121.0,72.0,82.0,118.0,84.0,61.0
90.0,121.0,72.0,82.0,118.0,84.0,61.0
90.0,121.0,72.0,82.0,118.0,84.0,61.0
90.0,121.0,71.0,82.0,118.0,85.0,61.0
91.0,121.0,71.0,82.0,118.0,85.0,61.0
91.0,121.0,71.0,82.0,117.0,85.0,61.0
91.0,121.0,71.0,82.0,117.0,85.0,61.0
92.0,121.0,71.0,82.0,117.0,85.0,61.0
92.0,121.0,71.0,82.0,117.0,84.0,60.0
92.0,121.0,71.0,82.0,117.0,84.0,60.0
93.0,121.0,70.0,82.0,117.0,84.0,61.0
93.0,121.0,70.0,82.0,117.0,84.0,60.0
93.0,121.0,70.0,82.0,117.0,84.0,61.0
93.0,121.0,70.0,82.0,116.0,84.0,61.0
94.0,121.0,70.0,82.0,116.0,84.0,60.0
94.0,120.0,70.0,82.0,116.0,84.0,60.0
94.0,120.0,70.0,82.0,116.0,84.0,60.0
95.0,120.0,70.0,82.0,115.0,84.0,60.0
95.0,120.0,70.0,82.0,115.0,84.0,60.0
95.0,120.0,69.0,82.0,114.0,84.0,60.0
95.0,120.0,69.0,82.0,114.0,84.0,60.0
95.0,120.0,69.0,82.0,113.0,84.0,60.0
96.0,120.0,69.0,82.0,111.0,84.0,60.0
96.0,120.0,69.0,82.0,111.0,84.0,60.0
96.0,120.0,69.0,82.0,111.0,84.0,60.0
96.0,119.0,69.0,82.0,109.0,84.0,60.0
97.0,119.0,69.0,82.0,108.0,84.0,60.0
97.0,119.0,69.0,82.0,108.0,84.0,61.0
97.0,119.0,69.0,82.0,107.0,84.0,61.0
97.0,119.0,70.0,82.0,107.0,84.0,61.0
97.0,118.0,70.0,82.0,106.0,84.0,61.0
97.0,118.0,70.0,82.0,106.0,84.0,61.0
97.0,118.0,70.0,82.0,105.0,84.0,60.0
97.0,118.0,70.0,82.0,105.0,84.0,60.0
97.0,118.0,70.0,82.0,105.0,84.0,60.0
98.0,118.0,70.0,82.0,105.0,85.0,60.0
98.0,118.0,70.0,82.0,105.0,84.0,60.0
98.0,118.0,70.0,82.0,105.0,85.0,60.0
98.0,118.0,71.0,82.0,105.0,84.0,60.0
98.0,118.0,71.0,82.0,106.0,84.0,60.0
98.0,118.0,72.0,82.0,106.0,85.0,60.0
98.0,118.0,72.0,82.0,106.0,85.0,60.0
98.0,118.0,72.0,82.0,106.0,85.0,60.0
98.0,118.0,72.0,82.0,106.0,85.0,60.0
98.0,118.0,72.0,82.0,106.0,84.0,60.0
98.0,118.0,72.0,82.0,106.0,84.0,60.0
97.0,118.0,73.0,82.0,106.0,84.0,61.0
97.0,118.0,73.0,82.0,106.0,84.0,61.0
97.0,118.0,73.0,82.0,106.0,84.0,60.0
97.0,118.0,73.0,82.0,106.0,84.0,61.0
97.0,119.0,73.0,82.0,106.0,84.0,61.0
97.0,119.0,73.0,82.0,106.0,84.0,60.0
97.0,119.0,74.0,82.0,107.0,84.0,60.0
97.0,119.0,74.0,82.0,107.0,84.0,60.0
97.0,119.0,74.0,82.0,108.0,84.0,60.0
97.0,119.0,74.0,82.0,108.0,84.0,60.0
97.0,119.0,74.0,82.0,108.0,84.0,60.0
97.0,119.0,74.0,82.0,109.0,84.0,60.0
97.0,119.0,74.0,82.0,110.0,84.0,60.0
97.0,119.0,74.0,82.0,111.0,85.0,60.0
97.0,119.0,74.0,82.0,112.0,85.0,60.0
97.0,119.0,74.0,82.0,113.0,84.0,60.0
97.0,119.0,74.0,82.0,114.0,85.0,60.0
96.0,119.0,73.0,82.0,115.0,85.0,60.0
96.0,119.0,73.0,82.0,115.0,85.0,60.0
96.0,119.0,73.0,82.0,115.0,85.0,60.0
97.0,120.0,73.0,82.0,115.0,84.0,60.0
97.0,120.0,72.0,82.0,115.0,84.0,61.0
97.0,120.0,72.0,82.0,115.0,84.0,61.0
97.0,120.0,72.0,82.0,115.0,84.0,61.0
97.0,120.0,72.0,82.0,115.0,84.0,61.0
96.0,120.0,72.0,82.0,115.0,84.0,61.0
96.0,120.0,72.0,82.0,114.0,84.0,60.0
96.0,120.0,73.0,82.0,113.0,84.0,60.0
96.0,120.0,73.0,82.0,113.0,84.0,60.0
96.0,120.0,73.0,82.0,113.0,84.0,60.0
96.0,120.0,73.0,82.0,113.0,85.0,60.0
96.0,120.0,73.0,82.0,113.0,85.0,60.0
96.0,120.0,73.0,82.0,113.0,85.0,60.0
96.0,120.0,73.0,82.0,113.0,84.0,60.0
95.0,120.0,73.0,82.0,113.0,84.0,60.0
95.0,120.0,74.0,82.0,113.0,84.0,60.0
95.0,120.0,74.0,82.0,113.0,84.0,60.0
95.0,120.0,74.0,82.0,113.0,84.0,61.0
95.0,120.0,74.0,82.0,112.0,85.0,61.0
95.0,120.0,74.0,82.0,112.0,85.0,60.0
95.0,120.0,74.0,82.0,112.0,85.0,60.0
95.0,120.0,75.0,82.0,111.0,85.0,60.0
95.0,121.0,75.0,82.0,111.0,85.0,60.0
95.0,121.0,75.0,82.0,111.0,85.0,60.0
95.0,121.0,75.0,82.0,111.0,85.0,60.0
95.0,121.0,75.0,82.0,112.0,85.0,60.0
94.0,121.0,76.0,82.0,112.0,85.0,60.0
94.0,121.0,76.0,82.0,113.0,85.0,60.0
94.0,121.0,76.0,82.0,113.0,85.0,60.0
94.0,122.0,76.0,82.0,113.0,85.0,60.0
94.0,122.0,76.0,82.0,114.0,85.0,60.0
94.0,122.0,77.0,82.0,115.0,85.0,60.0
94.0,122.0,77.0,82.0,115.0,85.0,60.0
94.0,122.0,77.0,82.0,116.0,85.0,60.0
93.0,122.0,77.0,82.0,116.0,85.0,60.0
93.0,122.0,77.0,82.0,116.0,85.0,60.0
93.0,122.0,77.0,82.0,116.0,85.0,60.0
93.0,122.0,77.0,82.0,116.0,84.0,60.0
93.0,122.0,76.0,82.0,116.0,84.0,61.0
93.0,122.0,75.0,82.0,115.0,84.0,61.0
94.0,122.0,75.0,82.0,115.0,85.0,61.0
94.0,123.0,74.0,82.0,115.0,85.0,61.0
94.0,123.0,74.0,82.0,115.0,85.0,60.0
94.0,123.0,73.0,82.0,115.0,85.0,60.0
95.0,123.0,73.0,82.0,114.0,85.0,60.0
95.0,123.0,73.0,82.0,114.0,85.0,60.0
95.0,123.0,73.0,82.0,113.0,85.0,60.0
95.0,123.0,73.0,82.0,113.0,84.0,60.0
95.0,123.0,73.0,82.0,113.0,84.0,60.0
96.0,123.0,73.0,82.0,112.0,84.0,60.0
96.0,123.0,73.0,82.0,111.0,84.0,60.0
96.0,123.0,73.0,82.0,111.0,84.0,60.0
96.0,123.0,73.0,82.0,110.0,84.0,61.0
96.0,123.0,73.0,82.0,109.0,84.0,61.0
96.0,123.0,74.0,82.0,109.0,84.0,61.0
96.0,123.0,74.0,82.0,108.0,84.0,61.0
96.0,123.0,74.0,82.0,107.0,84.0,61.0
96.0,123.0,74.0,82.0,107.0,84.0,61.0
96.0,123.0,75.0,82.0,108.0,85.0,60.0
96.0,123.0,75.0,82.0,108.0,84.0,60.0
96.0,123.0,75.0,82.0,109.0,84.0,60.0
96.0,123.0,75.0,82.0,109.0,84.0,60.0
96.0,123.0,75.0,82.0,110.0,84.0,60.0
96.0,124.0,76.0,82.0,110.0,84.0,61.0
96.0,124.0,76.0,82.0,111.0,84.0,60.0
96.0,124.0,76.0,82.0,111.0,84.0,60.0
95.0,124.0,76.0,82.0,111.0,84.0,60.0
95.0,124.0,76.0,82.0,111.0,84.0,60.0
95.0,124.0,77.0,82.0,111.0,84.0,60.0
95.0,124.0,77.0,82.0,111.0,84.0,60.0
94.0,124.0,77.0,82.0,111.0,84.0,61.0
94.0,124.0,77.0,82.0,111.0,84.0,61.0
94.0,124.0,77.0,82.0,111.0,84.0,61.0
94.0,125.0,77.0,82.0,111.0,84.0,60.0
94.0,125.0,77.0,82.0,111.0,84.0,61.0
94.0,125.0,77.0,82.0,112.0,85.0,61.0
94.0,125.0,77.0,82.0,112.0,85.0,61.0
95.0,125.0,77.0,82.0,112.0,85.0,61.0
95.0,126.0,77.0,82.0,112.0,85.0,61.0
95.0,126.0,76.0,82.0,112.0,84.0,61.0
95.0,126.0,76.0,82.0,112.0,84.0,61.0
95.0,126.0,76.0,82.0,111.0,84.0,61.0
95.0,126.0,75.0,82.0,111.0,84.0,61.0
95.0,126.0,75.0,82.0,111.0,84.0,60.0
96.0,126.0,75.0,82.0,111.0,84.0,60.0
96.0,126.0,75.0,82.0,110.0,84.0,60.0
96.0,126.0,75.0,82.0,110.0,84.0,60.0
96.0,126.0,75.0,82.0,109.0,84.0,61.0
96.0,126.0,76.0,82.0,108.0,84.0,61.0
96.0,126.0,76.0,82.0,108.0,84.0,61.0
96.0,126.0,76.0,82.0,107.0,84.0,61.0
96.0,126.0,76.0,82.0,106.0,84.0,61.0
96.0,126.0,77.0,82.0,106.0,84.0,61.0
96.0,126.0,77.0,82.0,105.0,84.0,60.0
96.0,126.0,77.0,82.0,105.0,84.0,60.0
96.0,126.0,77.0,82.0,105.0,84.0,60.0
96.0,126.0,77.0,82.0,104.0,84.0,60.0
96.0,126.0,78.0,82.0,104.0,84.0,61.0
96.0,127.0,78.0,82.0,103.0,84.0,61.0
97.0,127.0,78.0,82.0,103.0,84.0,60.0
97.0,127.0,79.0,82.0,103.0,85.0,60.0
97.0,127.0,79.0,82.0,103.0,85.0,60.0
97.0,127.0,79.0,82.0,103.0,85.0,60.0
97.0,127.0,80.0,82.0,104.0,85.0,60.0
97.0,127.0,80.0,82.0,104.0,84.0,60.0
97.0,128.0,81.0,82.0,105.0,84.0,60.0
97.0,128.0,81.0,82.0,105.0,84.0,61.0
97.0,128.0,81.0,82.0,106.0,84.0,61.0
97.0,128.0,81.0,82.0,107.0,84.0,61.0
97.0,128.0,81.0,82.0,108.0,85.0,61.0
97.0,128.0,81.0,82.0,109.0,85.0,61.0
97.0,128.0,81.0,82.0,110.0,85.0,60.0
97.0,128.0,80.0,82.0,111.0,84.0,60.0
97.0,128.0,80.0,82.0,111.0,84.0,60.0
97.0,128.0,79.0,82.0,111.0,84.0,60.0
97.0,128.0,79.0,82.0,111.0,84.0,61.0
97.0,128.0,79.0,82.0,111.0,84.0,61.0
97.0,128.0,78.0,82.0,111.0,84.0,61.0
98.0,128.0,78.0,82.0,111.0,84.0,61.0
98.0,128.0,78.0,82.0,110.0,85.0,61.0
98.0,128.0,77.0,82.0,110.0,84.0,61.0
98.0,127.0,77.0,82.0,110.0,84.0,61.0
98.0,127.0,77.0,82.0,109.0,84.0,61.0
98.0,127.0,77.0,82.0,108.0,84.0,61.0
98.0,127.0,77.0,82.0,107.0,84.0,60.0
99.0,127.0,77.0,82.0,107.0,84.0,60.0
99.0,127.0,77.0,82.0,106.0,84.0,60.0
99.0,127.0,77.0,82.0,105.0,85.0,60.0
99.0,127.0,77.0,82.0,105.0,85.0,60.0
99.0,127.0,77.0,82.0,104.0,85.0,60.0
99.0,127.0,78.0,82.0,103.0,85.0,60.0
99.0,127.0,78.0,82.0,102.0,85.0,61.0
99.0,127.0,78.0,82.0,101.0,85.0,61.0
99.0,127.0,78.0,82.0,100.0,85.0,61.0
99.0,127.0,78.0,82.0,100.0,84.0,61.0
99.0,127.0,78.0,82.0,100.0,84.0,61.0
99.0,127.0,79.0,82.0,99.0,84.0,61.0
99.0,127.0,79.0,82.0,99.0,85.0,61.0
100.0,127.0,79.0,82.0,99.0,85.0,61.0
100.0,127.0,80.0,82.0,100.0,84.0,61.0
100.0,127.0,80.0,82.0,100.0,85.0,61.0
100.0,128.0,80.0,82.0,100.0,85.0,61.0
100.0,128.0,81.0,82.0,100.0,85.0,61.0
100.0,128.0,81.0,82.0,100.0,84.0,61.0
100.0,128.0,81.0,82.0,100.0,84.0,61.0
100.0,128.0,81.0,82.0,100.0,84.0,61.0
101.0,128.0,81.0,81.0,100.0,84.0,61.0
101.0,128.0,81.0,81.0,101.0,85.0,60.0
101.0,128.0,82.0,80.0,102.0,84.0,60.0
101.0,128.0,82.0,79.0,103.0,85.0,61.0
101.0,128.0,82.0,79.0,104.0,85.0,61.0
101.0,128.0,82.0,79.0,107.0,84.0,60.0
101.0,128.0,81.0,78.0,108.0,85.0,61.0
101.0,128.0,81.0,78.0,109.0,85.0,61.0
101.0,128.0,81.0,78.0,109.0,85.0,61.0
101.0,128.0,80.0,78.0,109.0,85.0,61.0
101.0,128.0,80.0,78.0,109.0,84.0,61.0
101.0,127.0,79.0,77.0,108.0,84.0,60.0
101.0,127.0,79.0,77.0,108.0,84.0,60.0
101.0,127.0,79.0,77.0,108.0,84.0,60.0
101.0,127.0,78.0,77.0,107.0,84.0,60.0
101.0,127.0,78.0,77.0,106.0,84.0,60.0
101.0,127.0,78.0,77.0,105.0,84.0,60.0
101.0,126.0,78.0,77.0,105.0,84.0,60.0
101.0,126.0,78.0,77.0,104.0,84.0,60.0
101.0,126.0,77.0,77.0,104.0,84.0,60.0
101.0,126.0,77.0,77.0,103.0,84.0,60.0
101.0,126.0,77.0,77.0,102.0,84.0,60.0
101.0,126.0,77.0,76.0,100.0,84.0,61.0
101.0,126.0,77.0,76.0,100.0,84.0,60.0
101.0,126.0,77.0,76.0,98.0,84.0,61.0
101.0,126.0,77.0,76.0,97.0,84.0,61.0
101.0,126.0,77.0,76.0,96.0,84.0,60.0
101.0,126.0,77.0,76.0,95.0,84.0,60.0
101.0,126.0,77.0,76.0,94.0,84.0,60.0
101.0,125.0,77.0,76.0,93.0,84.0,60.0
101.0,125.0,77.0,76.0,92.0,84.0,60.0
101.0,125.0,77.0,76.0,91.0,84.0,61.0
101.0,125.0,77.0,76.0,91.0,84.0,61.0
101.0,125.0,78.0,76.0,90.0,84.0,61.0
101.0,125.0,78.0,76.0,90.0,84.0,61.0
101.0,125.0,78.0,76.0,89.0,84.0,61.0
101.0,124.0,78.0,76.0,88.0,84.0,60.0
101.0,124.0,78.0,76.0,88.0,84.0,60.0
101.0,124.0,78.0,76.0,88.0,85.0,60.0
101.0,124.0,78.0,76.0,89.0,84.0,60.0
101.0,124.0,79.0,76.0,89.0,84.0,61.0
101.0,124.0,79.0,76.0,90.0,84.0,61.0
101.0,124.0,79.0,76.0,90.0,84.0,61.0
101.0,124.0,79.0,76.0,90.0,84.0,61.0
101.0,124.0,80.0,76.0,90.0,84.0,61.0
101.0,124.0,80.0,76.0,90.0,84.0,61.0
101.0,124.0,80.0,76.0,90.0,84.0,61.0
101.0,124.0,81.0,76.0,90.0,84.0,61.0
101.0,124.0,81.0,76.0,91.0,84.0,60.0
101.0,124.0,81.0,75.0,91.0,84.0,61.0
101.0,124.0,81.0,75.0,92.0,84.0,60.0
101.0,124.0,81.0,75.0,93.0,84.0,61.0
102.0,124.0,81.0,75.0,94.0,84.0,61.0
102.0,124.0,82.0,75.0,94.0,84.0,61.0
102.0,124.0,82.0,75.0,95.0,84.0,61.0
102.0,124.0,82.0,74.0,96.0,84.0,61.0
102.0,124.0,82.0,74.0,97.0,84.0,60.0
102.0,124.0,82.0,74.0,98.0,84.0,60.0
102.0,124.0,82.0,74.0,100.0,84.0,60.0
102.0,124.0,82.0,74.0,100.0,84.0,60.0
102.0,124.0,82.0,74.0,102.0,84.0,60.0
102.0,124.0,82.0,73.0,103.0,84.0,60.0
102.0,124.0,82.0,73.0,105.0,84.0,60.0
102.0,124.0,82.0,73.0,107.0,85.0,60.0
102.0,124.0,82.0,73.0,109.0,85.0,60.0
102.0,124.0,82.0,73.0,111.0,85.0,60.0
102.0,124.0,82.0,73.0,111.0,85.0,60.0
102.0,124.0,82.0,73.0,112.0,85.0,61.0
102.0,125.0,82.0,73.0,113.0,85.0,61.0
102.0,125.0,82.0,73.0,114.0,84.0,61.0
102.0,125.0,82.0,73.0,115.0,84.0,61.0
102.0,125.0,81.0,73.0,115.0,84.0,61.0
103.0,125.0,81.0,73.0,115.0,84.0,61.0
103.0,125.0,80.0,73.0,115.0,84.0,61.0
103.0,125.0,80.0,73.0,114.0,84.0,61.0
103.0,125.0,79.0,73.0,113.0,84.0,60.0
103.0,125.0,79.0,73.0,113.0,84.0,60.0
103.0,124.0,78.0,73.0,112.0,84.0,60.0
103.0,124.0,78.0,73.0,111.0,85.0,60.0
103.0,124.0,78.0,73.0,109.0,84.0,60.0
103.0,124.0,77.0,73.0,107.0,85.0,60.0
103.0,124.0,77.0,73.0,106.0,85.0,60.0
103.0,123.0,77.0,72.0,105.0,85.0,60.0
102.0,123.0,76.0,72.0,104.0,84.0,60.0
102.0,123.0,76.0,72.0,103.0,84.0,60.0
102.0,123.0,76.0,72.0,101.0,84.0,60.0
102.0,122.0,76.0,72.0,100.0,84.0,60.0
102.0,122.0,75.0,72.0,99.0,84.0,60.0
102.0,122.0,75.0,72.0,97.0,84.0,61.0
102.0,122.0,76.0,72.0,96.0,85.0,60.0
102.0,122.0,76.0,72.0,95.0,84.0,60.0
102.0,121.0,76.0,72.0,94.0,84.0,60.0
102.0,121.0,76.0,72.0,93.0,84.0,60.0
102.0,121.0,76.0,72.0,93.0,84.0,60.0
102.0,121.0,76.0,72.0,93.0,84.0,60.0
102.0,121.0,76.0,72.0,94.0,84.0,60.0
102.0,121.0,77.0,72.0,94.0,84.0,60.0
102.0,121.0,77.0,72.0,94.0,84.0,61.0
102.0,121.0,77.0,72.0,95.0,84.0,61.0
102.0,121.0,77.0,73.0,96.0,84.0,61.0
102.0,122.0,77.0,73.0,97.0,84.0,61.0
102.0,122.0,77.0,73.0,99.0,84.0,61.0
101.0,122.0,77.0,73.0,100.0,84.0,60.0
101.0,122.0,77.0,73.0,101.0,84.0,61.0
101.0,122.0,77.0,73.0,102.0,84.0,60.0
101.0,122.0,77.0,73.0,103.0,84.0,61.0
100.0,122.0,77.0,74.0,103.0,84.0,61.0
100.0,122.0,77.0,74.0,103.0,84.0,60.0
100.0,122.0,77.0,74.0,104.0,84.0,60.0
100.0,123.0,76.0,74.0,104.0,84.0,60.0
100.0,123.0,76.0,74.0,104.0,84.0,60.0
100.0,123.0,75.0,74.0,103.0,84.0,60.0
99.0,123.0,75.0,74.0,103.0,84.0,60.0
99.0,123.0,75.0,74.0,102.0,84.0,60.0
99.0,123.0,75.0,75.0,102.0,84.0,60.0
98.0,124.0,75.0,75.0,102.0,84.0,60.0
97.0,124.0,75.0,75.0,101.0,84.0,60.0
97.0,124.0,75.0,76.0,101.0,84.0,60.0
96.0,124.0,75.0,76.0,101.0,84.0,60.0
95.0,124.0,75.0,76.0,100.0,84.0,60.0
94.0,124.0,75.0,76.0,100.0,84.0,60.0
94.0,124.0,76.0,77.0,100.0,84.0,60.0
93.0,124.0,76.0,77.0,100.0,84.0,60.0
93.0,125.0,76.0,77.0,100.0,84.0,60.0
92.0,125.0,76.0,77.0,100.0,84.0,60.0
92.0,125.0,76.0,78.0,100.0,84.0,60.0
91.0,126.0,76.0,78.0,100.0,84.0,60.0
91.0,126.0,76.0,78.0,100.0,84.0,60.0
90.0,126.0,76.0,78.0,100.0,84.0,60.0
89.0,126.0,76.0,78.0,100.0,84.0,61.0
89.0,126.0,76.0,79.0,100.0,84.0,61.0
89.0,126.0,76.0,79.0,100.0,84.0,61.0
88.0,127.0,76.0,79.0,101.0,84.0,61.0
88.0,127.0,76.0,79.0,101.0,84.0,61.0
87.0,127.0,76.0,79.0,101.0,84.0,61.0
87.0,127.0,76.0,79.0,101.0,84.0,60.0
87.0,127.0,76.0,79.0,101.0,84.0,60.0
87.0,127.0,77.0,79.0,101.0,84.0,60.0
87.0,127.0,77.0,79.0,101.0,84.0,60.0
87.0,127.0,77.0,79.0,101.0,84.0,61.0
86.0,127.0,77.0,79.0,102.0,84.0,60.0
86.0,128.0,77.0,79.0,103.0,84.0,61.0
86.0,128.0,78.0,79.0,104.0,84.0,61.0
86.0,128.0,78.0,79.0,105.0,84.0,61.0
86.0,128.0,78.0,79.0,105.0,84.0,61.0
86.0,128.0,78.0,79.0,107.0,85.0,61.0
86.0,127.0,78.0,79.0,107.0,85.0,61.0
86.0,127.0,78.0,79.0,108.0,85.0,61.0
85.0,127.0,79.0,79.0,108.0,85.0,61.0
85.0,127.0,79.0,79.0,108.0,84.0,61.0
85.0,127.0,79.0,79.0,108.0,84.0,61.0
85.0,128.0,79.0,79.0,108.0,84.0,61.0
84.0,128.0,79.0,78.0,107.0,84.0,61.0
84.0,128.0,79.0,78.0,107.0,84.0,61.0
84.0,128.0,79.0,78.0,106.0,84.0,61.0
85.0,128.0,80.0,78.0,106.0,84.0,60.0
85.0,128.0,80.0,77.0,106.0,84.0,60.0
85.0,128.0,80.0,77.0,106.0,84.0,60.0
85.0,128.0,80.0,76.0,105.0,84.0,60.0
85.0,128.0,80.0,76.0,105.0,84.0,60.0
86.0,128.0,80.0,76.0,105.0,84.0,61.0
86.0,129.0,80.0,75.0,106.0,84.0,61.0
86.0,129.0,80.0,75.0,106.0,84.0,61.0
86.0,129.0,80.0,75.0,106.0,84.0,61.0
86.0,129.0,80.0,75.0,107.0,84.0,61.0
86.0,129.0,80.0,75.0,107.0,84.0,61.0
87.0,129.0,80.0,75.0,107.0,84.0,61.0
87.0,129.0,80.0,74.0,107.0,84.0,60.0
87.0,129.0,80.0,74.0,107.0,84.0,61.0
87.0,129.0,80.0,74.0,107.0,84.0,60.0
88.0,129.0,80.0,74.0,107.0,84.0,60.0
88.0,130.0,79.0,74.0,107.0,84.0,60.0
88.0,130.0,79.0,74.0,107.0,85.0,60.0
88.0,130.0,78.0,74.0,107.0,84.0,61.0
88.0,130.0,78.0,74.0,107.0,84.0,61.0
89.0,130.0,78.0,74.0,107.0,84.0,60.0
89.0,131.0,78.0,74.0,106.0,84.0,61.0
89.0,131.0,78.0,74.0,106.0,84.0,60.0
89.0,131.0,78.0,74.0,106.0,84.0,60.0
89.0,131.0,78.0,74.0,105.0,84.0,60.0
89.0,131.0,78.0,73.0,105.0,84.0,60.0
89.0,131.0,78.0,73.0,104.0,84.0,60.0
89.0,131.0,78.0,73.0,103.0,84.0,61.0
89.0,131.0,78.0,73.0,101.0,84.0,61.0
89.0,131.0,79.0,73.0,100.0,84.0,60.0
89.0,131.0,79.0,73.0,99.0,84.0,60.0
89.0,131.0,79.0,73.0,98.0,84.0,60.0
89.0,131.0,79.0,73.0,97.0,84.0,60.0
89.0,131.0,80.0,73.0,96.0,84.0,60.0
89.0,131.0,80.0,73.0,96.0,84.0,60.0
89.0,131.0,80.0,73.0,95.0,84.0,60.0
89.0,131.0,81.0,73.0,95.0,84.0,61.0
89.0,131.0,81.0,73.0,95.0,84.0,61.0
89.0,131.0,81.0,73.0,96.0,84.0,61.0
89.0,131.0,81.0,73.0,96.0,84.0,61.0
89.0,131.0,82.0,73.0,97.0,85.0,61.0
89.0,131.0,82.0,73.0,97.0,84.0,60.0
89.0,132.0,82.0,73.0,98.0,85.0,61.0
89.0,132.0,82.0,73.0,99.0,85.0,61.0
89.0,132.0,82.0,73.0,99.0,85.0,60.0
89.0,132.0,82.0,73.0,100.0,84.0,60.0
90.0,132.0,82.0,73.0,100.0,84.0,60.0
90.0,132.0,82.0,72.0,101.0,84.0,60.0
90.0,133.0,82.0,72.0,102.0,84.0,60.0
90.0,133.0,82.0,72.0,103.0,84.0,60.0
91.0,133.0,81.0,72.0,105.0,84.0,60.0
91.0,133.0,81.0,72.0,106.0,85.0,60.0
91.0,133.0,81.0,72.0,107.0,84.0,61.0
91.0,133.0,81.0,72.0,108.0,84.0,61.0
91.0,133.0,81.0,72.0,108.0,84.0,61.0
91.0,133.0,81.0,72.0,108.0,84.0,61.0
91.0,133.0,81.0,72.0,107.0,84.0,61.0
91.0,133.0,81.0,72.0,107.0,84.0,61.0
91.0,133.0,82.0,72.0,106.0,84.0,61.0
91.0,133.0,82.0,72.0,106.0,84.0,60.0
91.0,133.0,82.0,72.0,106.0,84.0,61.0
91.0,133.0,82.0,72.0,105.0,84.0,60.0
91.0,133.0,82.0,72.0,105.0,84.0,60.0
91.0,133.0,82.0,72.0,105.0,84.0,60.0
91.0,133.0,82.0,72.0,104.0,84.0,61.0
91.0,133.0,82.0,72.0,104.0,85.0,60.0
91.0,133.0,82.0,72.0,104.0,84.0,60.0
91.0,133.0,82.0,72.0,104.0,85.0,60.0
91.0,133.0,82.0,72.0,103.0,85.0,60.0
90.0,133.0,82.0,72.0,102.0,84.0,60.0
90.0,133.0,82.0,72.0,102.0,84.0,60.0
90.0,133.0,82.0,72.0,101.0,84.0,60.0
89.0,133.0,82.0,72.0,100.0,84.0,61.0
89.0,133.0,82.0,72.0,100.0,85.0,61.0
89.0,133.0,82.0,72.0,100.0,85.0,60.0
89.0,133.0,82.0,72.0,100.0,84.0,60.0
89.0,133.0,81.0,72.0,101.0,84.0,60.0
89.0,133.0,80.0,72.0,101.0,84.0,61.0
89.0,133.0,79.0,72.0,101.0,84.0,61.0
89.0,133.0,79.0,72.0,101.0,84.0,61.0
89.0,133.0,78.0,73.0,101.0,84.0,61.0
88.0,134.0,78.0,73.0,102.0,84.0,61.0
88.0,134.0,77.0,73.0,102.0,84.0,60.0
88.0,134.0,77.0,73.0,103.0,84.0,60.0
88.0,134.0,76.0,74.0,103.0,84.0,60.0
88.0,134.0,75.0,74.0,104.0,84.0,60.0
88.0,134.0,74.0,74.0,104.0,84.0,60.0
88.0,134.0,73.0,74.0,104.0,84.0,61.0
88.0,134.0,73.0,75.0,105.0,84.0,61.0
88.0,135.0,72.0,75.0,106.0,84.0,61.0
87.0,135.0,71.0,75.0,107.0,84.0,61.0
87.0,135.0,70.0,75.0,108.0,84.0,61.0
87.0,135.0,70.0,75.0,109.0,84.0,60.0
87.0,135.0,69.0,75.0,110.0,84.0,61.0
87.0,135.0,68.0,75.0,111.0,84.0,60.0
87.0,135.0,68.0,76.0,111.0,84.0,60.0
87.0,135.0,67.0,76.0,112.0,84.0,61.0
87.0,136.0,66.0,76.0,113.0,84.0,60.0
86.0,136.0,66.0,76.0,113.0,84.0,60.0
86.0,136.0,65.0,76.0,114.0,84.0,60.0
86.0,136.0,64.0,76.0,115.0,84.0,60.0
86.0,136.0,64.0,76.0,116.0,84.0,60.0
86.0,137.0,63.0,76.0,116.0,84.0,60.0
86.0,137.0,63.0,76.0,117.0,84.0,60.0
86.0,137.0,63.0,76.0,117.0,84.0,60.0
86.0,137.0,63.0,76.0,117.0,84.0,60.0
86.0,137.0,63.0,76.0,116.0,84.0,60.0
86.0,137.0,63.0,76.0,116.0,84.0,60.0
85.0,137.0,63.0,76.0,116.0,84.0,60.0
85.0,137.0,63.0,76.0,115.0,84.0,60.0
85.0,137.0,63.0,76.0,114.0,84.0,60.0
84.0,137.0,63.0,76.0,113.0,84.0,60.0
84.0,137.0,64.0,76.0,112.0,84.0,60.0
84.0,137.0,64.0,76.0,111.0,84.0,60.0
84.0,137.0,64.0,76.0,110.0,84.0,60.0
84.0,137.0,65.0,76.0,109.0,84.0,60.0
83.0,137.0,65.0,75.0,107.0,84.0,60.0
83.0,137.0,65.0,75.0,106.0,85.0,60.0
83.0,137.0,66.0,75.0,105.0,85.0,60.0
83.0,137.0,66.0,75.0,105.0,85.0,60.0
83.0,137.0,66.0,75.0,104.0,85.0,60.0
82.0,137.0,67.0,75.0,104.0,85.0,60.0
82.0,136.0,67.0,75.0,103.0,85.0,61.0
82.0,136.0,68.0,75.0,102.0,85.0,61.0
82.0,136.0,68.0,75.0,101.0,85.0,61.0
81.0,135.0,69.0,75.0,99.0,85.0,61.0
81.0,135.0,69.0,75.0,98.0,85.0,61.0
81.0,135.0,69.0,75.0,97.0,85.0,61.0
81.0,134.0,69.0,75.0,97.0,85.0,61.0
81.0,134.0,69.0,75.0,97.0,84.0,61.0
80.0,134.0,69.0,75.0,98.0,84.0,61.0
80.0,133.0,69.0,75.0,98.0,84.0,60.0
80.0,133.0,69.0,75.0,99.0,84.0,60.0
80.0,133.0,69.0,75.0,99.0,84.0,60.0
79.0,133.0,70.0,75.0,99.0,84.0,60.0
79.0,131.0,70.0,75.0,99.0,84.0,61.0
79.0,131.0,70.0,75.0,99.0,84.0,61.0
79.0,131.0,70.0,75.0,100.0,85.0,61.0
79.0,130.0,70.0,75.0,100.0,85.0,61.0
79.0,129.0,70.0,75.0,100.0,85.0,61.0
79.0,129.0,71.0,75.0,100.0,85.0,61.0
79.0,129.0,71.0,75.0,100.0,85.0,61.0
79.0,128.0,71.0,75.0,101.0,85.0,61.0
79.0,128.0,72.0,75.0,102.0,85.0,61.0
79.0,128.0,72.0,75.0,103.0,85.0,60.0
79.0,127.0,72.0,74.0,104.0,85.0,60.0
79.0,127.0,72.0,74.0,104.0,85.0,61.0
79.0,127.0,72.0,74.0,105.0,85.0,60.0
78.0,126.0,73.0,74.0,106.0,85.0,60.0
78.0,126.0,73.0,74.0,106.0,84.0,60.0
78.0,125.0,73.0,74.0,106.0,84.0,60.0
79.0,125.0,73.0,74.0,106.0,84.0,60.0
79.0,124.0,73.0,74.0,106.0,84.0,61.0
79.0,124.0,73.0,74.0,106.0,85.0,60.0
79.0,123.0,73.0,74.0,106.0,85.0,60.0
79.0,123.0,73.0,74.0,106.0,85.0,60.0
79.0,122.0,74.0,74.0,106.0,85.0,60.0
79.0,122.0,74.0,74.0,106.0,85.0,60.0
79.0,122.0,74.0,74.0,106.0,85.0,60.0
79.0,121.0,75.0,74.0,107.0,85.0,60.0
79.0,121.0,75.0,74.0,107.0,85.0,61.0
79.0,121.0,75.0,74.0,107.0,85.0,60.0
80.0,121.0,75.0,74.0,107.0,85.0,60.0
80.0,121.0,75.0,74.0,107.0,85.0,60.0
80.0,121.0,75.0,74.0,107.0,85.0,60.0
80.0,121.0,75.0,74.0,107.0,84.0,60.0
80.0,121.0,76.0,74.0,107.0,85.0,60.0
80.0,121.0,76.0,74.0,107.0,85.0,60.0
81.0,121.0,76.0,74.0,107.0,85.0,60.0
81.0,121.0,76.0,74.0,107.0,85.0,60.0
81.0,121.0,77.0,75.0,107.0,85.0,60.0
81.0,122.0,77.0,75.0,108.0,85.0,60.0
81.0,122.0,77.0,75.0,108.0,85.0,60.0
81.0,122.0,77.0,75.0,108.0,85.0,60.0
81.0,122.0,77.0,75.0,108.0,85.0,60.0
81.0,122.0,78.0,74.0,108.0,85.0,60.0
81.0,122.0,78.0,74.0,108.0,85.0,60.0
81.0,122.0,78.0,74.0,108.0,85.0,60.0
81.0,122.0,78.0,74.0,108.0,85.0,60.0
80.0,122.0,77.0,74.0,108.0,84.0,60.0
80.0,122.0,77.0,74.0,108.0,85.0,60.0
80.0,122.0,76.0,74.0,107.0,85.0,60.0
80.0,122.0,76.0,75.0,107.0,85.0,60.0
80.0,122.0,76.0,75.0,106.0,85.0,60.0
80.0,122.0,76.0,75.0,106.0,85.0,60.0
80.0,122.0,76.0,75.0,106.0,85.0,60.0
80.0,122.0,76.0,75.0,106.0,85.0,60.0
80.0,122.0,76.0,75.0,106.0,85.0,60.0
80.0,122.0,76.0,75.0,106.0,85.0,60.0
79.0,122.0,76.0,75.0,106.0,85.0,60.0
79.0,122.0,76.0,75.0,106.0,85.0,60.0
79.0,122.0,76.0,75.0,106.0,85.0,60.0
79.0,122.0,76.0,75.0,106.0,85.0,60.0
79.0,121.0,76.0,75.0,106.0,85.0,60.0
79.0,121.0,76.0,75.0,106.0,85.0,60.0
79.0,122.0,76.0,75.0,106.0,85.0,60.0
78.0,122.0,76.0,75.0,106.0,85.0,60.0
78.0,122.0,76.0,75.0,106.0,85.0,60.0
78.0,122.0,76.0,75.0,106.0,85.0,60.0
78.0,122.0,77.0,75.0,106.0,85.0,60.0
78.0,122.0,77.0,75.0,105.0,85.0,60.0
78.0,122.0,77.0,75.0,105.0,85.0,60.0
78.0,122.0,77.0,75.0,105.0,85.0,60.0
78.0,122.0,77.0,74.0,106.0,85.0,60.0
78.0,122.0,77.0,74.0,106.0,85.0,61.0
79.0,122.0,77.0,74.0,106.0,85.0,61.0
79.0,122.0,77.0,74.0,106.0,84.0,61.0
79.0,123.0,77.0,74.0,106.0,84.0,61.0
79.0,123.0,77.0,74.0,106.0,84.0,61.0
79.0,123.0,77.0,74.0,106.0,84.0,61.0
79.0,123.0,77.0,74.0,106.0,84.0,61.0
79.0,123.0,77.0,73.0,106.0,84.0,61.0
79.0,123.0,78.0,73.0,106.0,85.0,61.0
79.0,123.0,78.0,73.0,106.0,85.0,61.0
79.0,123.0,78.0,73.0,106.0,84.0,61.0
80.0,123.0,78.0,73.0,106.0,84.0,61.0
80.0,124.0,78.0,73.0,107.0,84.0,61.0
80.0,124.0,78.0,73.0,107.0,84.0,61.0
80.0,124.0,78.0,73.0,107.0,85.0,61.0
80.0,124.0,78.0,73.0,106.0,84.0,61.0
80.0,124.0,78.0,73.0,106.0,85.0,61.0
81.0,124.0,78.0,73.0,106.0,85.0,61.0
81.0,124.0,78.0,72.0,106.0,85.0,61.0
81.0,124.0,79.0,72.0,106.0,85.0,61.0
81.0,124.0,79.0,72.0,106.0,85.0,61.0
81.0,124.0,79.0,72.0,107.0,84.0,61.0
81.0,125.0,79.0,72.0,107.0,84.0,61.0
81.0,125.0,79.0,72.0,107.0,84.0,61.0
81.0,125.0,79.0,71.0,107.0,84.0,61.0
81.0,125.0,79.0,71.0,108.0,84.0,61.0
81.0,125.0,80.0,71.0,108.0,84.0,61.0
81.0,125.0,80.0,71.0,109.0,84.0,61.0
81.0,125.0,80.0,71.0,110.0,84.0,60.0
81.0,126.0,80.0,71.0,111.0,84.0,61.0
81.0,126.0,80.0,71.0,111.0,84.0,61.0
81.0,126.0,81.0,71.0,112.0,84.0,61.0
81.0,126.0,81.0,71.0,113.0,84.0,61.0
81.0,126.0,81.0,71.0,114.0,85.0,61.0
81.0,126.0,81.0,71.0,115.0,85.0,61.0
81.0,126.0,81.0,71.0,116.0,85.0,61.0
81.0,126.0,81.0,71.0,116.0,85.0,61.0
80.0,126.0,80.0,72.0,115.0,85.0,60.0
80.0,126.0,80.0,72.0,115.0,85.0,60.0
80.0,126.0,79.0,72.0,115.0,85.0,60.0
79.0,126.0,79.0,73.0,114.0,85.0,60.0
79.0,126.0,79.0,73.0,114.0,85.0,61.0
79.0,126.0,79.0,73.0,113.0,85.0,60.0
79.0,126.0,79.0,73.0,112.0,85.0,61.0
79.0,126.0,79.0,73.0,111.0,85.0,61.0
79.0,126.0,79.0,73.0,110.0,85.0,61.0
79.0,126.0,78.0,73.0,109.0,85.0,61.0
79.0,126.0,78.0,73.0,108.0,85.0,61.0
79.0,126.0,78.0,73.0,106.0,85.0,61.0
79.0,126.0,78.0,73.0,105.0,85.0,61.0
79.0,126.0,78.0,73.0,105.0,85.0,61.0
79.0,126.0,78.0,73.0,104.0,85.0,60.0
79.0,126.0,78.0,73.0,103.0,85.0,60.0
79.0,126.0,78.0,73.0,103.0,85.0,60.0
79.0,125.0,78.0,73.0,102.0,85.0,60.0
79.0,125.0,78.0,73.0,102.0,85.0,60.0
79.0,125.0,78.0,73.0,101.0,85.0,60.0
79.0,125.0,78.0,73.0,101.0,85.0,60.0
79.0,124.0,78.0,73.0,101.0,85.0,60.0
79.0,124.0,78.0,73.0,101.0,85.0,60.0
79.0,124.0,79.0,73.0,101.0,85.0,60.0
78.0,124.0,79.0,73.0,100.0,85.0,60.0
78.0,124.0,79.0,73.0,100.0,85.0,60.0
78.0,124.0,79.0,73.0,100.0,85.0,60.0
78.0,124.0,79.0,73.0,100.0,85.0,60.0
78.0,124.0,80.0,73.0,100.0,85.0,60.0
78.0,124.0,80.0,73.0,100.0,85.0,60.0
78.0,124.0,80.0,73.0,100.0,85.0,60.0
78.0,124.0,80.0,73.0,100.0,85.0,60.0
78.0,124.0,80.0,73.0,100.0,85.0,61.0
78.0,124.0,81.0,73.0,100.0,85.0,61.0
78.0,125.0,81.0,73.0,101.0,85.0,60.0
77.0,125.0,81.0,73.0,101.0,85.0,60.0
77.0,125.0,81.0,73.0,101.0,85.0,60.0
77.0,125.0,81.0,73.0,101.0,85.0,60.0
77.0,125.0,82.0,73.0,101.0,85.0,60.0
77.0,125.0,82.0,73.0,102.0,85.0,60.0
77.0,125.0,82.0,73.0,102.0,85.0,60.0
77.0,126.0,82.0,73.0,102.0,85.0,60.0
77.0,126.0,82.0,73.0,102.0,85.0,61.0
77.0,126.0,83.0,73.0,103.0,85.0,60.0
77.0,126.0,83.0,72.0,103.0,85.0,61.0
77.0,126.0,83.0,72.0,103.0,84.0,61.0
77.0,126.0,83.0,72.0,104.0,85.0,60.0
77.0,127.0,83.0,72.0,105.0,84.0,60.0
77.0,127.0,83.0,73.0,105.0,85.0,60.0
77.0,127.0,83.0,73.0,105.0,85.0,60.0
77.0,128.0,82.0,73.0,107.0,85.0,60.0
77.0,128.0,82.0,73.0,107.0,85.0,60.0
77.0,128.0,81.0,72.0,108.0,85.0,60.0
78.0,128.0,80.0,72.0,109.0,85.0,60.0
78.0,128.0,80.0,73.0,109.0,85.0,60.0
78.0,128.0,79.0,73.0,110.0,85.0,60.0
78.0,129.0,79.0,73.0,111.0,85.0,61.0
78.0,129.0,79.0,73.0,112.0,85.0,60.0
78.0,129.0,79.0,73.0,113.0,85.0,60.0
78.0,129.0,79.0,73.0,115.0,85.0,60.0
78.0,130.0,79.0,72.0,116.0,85.0,60.0
78.0,130.0,79.0,72.0,116.0,85.0,60.0
78.0,130.0,79.0,72.0,117.0,85.0,60.0
78.0,131.0,79.0,72.0,117.0,85.0,60.0
78.0,131.0,79.0,72.0,117.0,85.0,60.0
79.0,131.0,79.0,72.0,117.0,85.0,60.0
79.0,132.0,79.0,72.0,117.0,85.0,60.0
79.0,132.0,79.0,72.0,117.0,84.0,60.0
79.0,133.0,79.0,72.0,117.0,84.0,60.0
80.0,133.0,79.0,72.0,116.0,84.0,60.0
80.0,133.0,79.0,72.0,116.0,84.0,60.0
80.0,133.0,79.0,72.0,116.0,84.0,61.0
80.0,133.0,79.0,72.0,116.0,84.0,60.0
81.0,134.0,79.0,72.0,116.0,85.0,61.0
81.0,134.0,79.0,72.0,116.0,85.0,61.0
81.0,134.0,78.0,72.0,116.0,85.0,60.0
81.0,134.0,78.0,72.0,115.0,85.0,60.0
81.0,135.0,78.0,72.0,115.0,85.0,60.0
82.0,135.0,78.0,72.0,114.0,85.0,60.0
82.0,135.0,78.0,72.0,113.0,85.0,61.0
82.0,135.0,78.0,72.0,112.0,85.0,60.0
82.0,136.0,78.0,72.0,111.0,85.0,60.0
82.0,136.0,78.0,72.0,110.0,85.0,61.0
82.0,136.0,78.0,72.0,109.0,85.0,60.0
82.0,137.0,78.0,72.0,107.0,85.0,60.0
82.0,137.0,78.0,72.0,106.0,85.0,60.0
82.0,137.0,78.0,72.0,105.0,85.0,60.0
82.0,137.0,78.0,72.0,105.0,85.0,60.0
82.0,138.0,78.0,72.0,104.0,85.0,61.0
82.0,138.0,78.0,72.0,104.0,85.0,60.0
82.0,138.0,78.0,72.0,103.0,85.0,61.0
82.0,138.0,78.0,72.0,102.0,85.0,61.0
82.0,138.0,78.0,72.0,101.0,85.0,61.0
82.0,138.0,78.0,72.0,100.0,85.0,61.0
82.0,138.0,78.0,72.0,100.0,85.0,61.0
82.0,139.0,78.0,72.0,99.0,85.0,60.0
82.0,139.0,78.0,72.0,98.0,85.0,60.0
82.0,139.0,78.0,72.0,97.0,85.0,60.0
82.0,139.0,78.0,72.0,96.0,85.0,60.0
82.0,139.0,79.0,72.0,95.0,85.0,60.0
82.0,140.0,79.0,72.0,94.0,85.0,60.0
82.0,140.0,79.0,72.0,94.0,85.0,60.0
82.0,140.0,79.0,72.0,93.0,85.0,60.0
82.0,140.0,79.0,72.0,92.0,85.0,60.0
82.0,141.0,79.0,72.0,91.0,85.0,60.0
82.0,141.0,79.0,72.0,91.0,85.0,60.0
82.0,141.0,79.0,72.0,91.0,85.0,60.0
82.0,141.0,79.0,72.0,91.0,85.0,60.0
82.0,141.0,79.0,72.0,91.0,85.0,60.0
82.0,142.0,79.0,72.0,91.0,85.0,60.0
82.0,142.0,79.0,72.0,91.0,85.0,60.0
82.0,142.0,79.0,72.0,91.0,85.0,60.0
82.0,143.0,79.0,71.0,91.0,85.0,60.0
82.0,143.0,78.0,71.0,91.0,85.0,60.0
82.0,143.0,78.0,71.0,91.0,84.0,60.0
82.0,144.0,78.0,71.0,90.0,85.0,60.0
82.0,144.0,78.0,71.0,90.0,84.0,60.0
82.0,144.0,78.0,71.0,90.0,85.0,61.0
82.0,144.0,78.0,71.0,91.0,85.0,60.0
82.0,144.0,78.0,71.0,91.0,85.0,60.0
82.0,145.0,77.0,70.0,91.0,85.0,60.0
82.0,145.0,77.0,70.0,92.0,85.0,60.0
82.0,145.0,77.0,70.0,92.0,85.0,60.0
82.0,146.0,76.0,70.0,94.0,85.0,60.0
82.0,146.0,75.0,70.0,95.0,85.0,60.0
82.0,146.0,75.0,70.0,96.0,85.0,60.0
82.0,146.0,74.0,70.0,98.0,85.0,60.0
82.0,147.0,73.0,70.0,100.0,85.0,60.0
82.0,147.0,73.0,70.0,100.0,85.0,60.0
82.0,147.0,72.0,70.0,103.0,85.0,60.0
82.0,148.0,71.0,70.0,103.0,85.0,60.0
82.0,148.0,70.0,70.0,105.0,85.0,60.0
82.0,149.0,69.0,70.0,106.0,85.0,60.0
82.0,149.0,68.0,70.0,107.0,85.0,60.0
82.0,149.0,67.0,70.0,108.0,85.0,60.0
82.0,149.0,66.0,70.0,109.0,85.0,60.0
82.0,149.0,65.0,70.0,110.0,85.0,60.0
82.0,149.0,64.0,70.0,111.0,85.0,60.0
82.0,149.0,63.0,70.0,111.0,85.0,60.0
82.0,149.0,62.0,70.0,113.0,85.0,60.0
82.0,149.0,62.0,70.0,114.0,85.0,61.0
82.0,150.0,61.0,69.0,115.0,85.0,60.0
82.0,150.0,60.0,69.0,116.0,84.0,60.0
82.0,150.0,59.0,68.0,117.0,85.0,60.0
83.0,149.0,59.0,68.0,118.0,85.0,60.0
83.0,149.0,57.0,67.0,119.0,85.0,60.0
83.0,149.0,56.0,66.0,119.0,85.0,61.0
83.0,149.0,56.0,65.0,120.0,84.0,61.0
83.0,149.0,55.0,65.0,120.0,84.0,61.0
83.0,149.0,54.0,65.0,120.0,84.0,61.0
83.0,149.0,54.0,64.0,120.0,85.0,61.0
83.0,149.0,53.0,64.0,120.0,85.0,61.0
83.0,149.0,53.0,64.0,120.0,85.0,60.0
83.0,149.0,52.0,64.0,120.0,85.0,60.0
83.0,149.0,52.0,63.0,120.0,85.0,60.0
83.0,149.0,52.0,63.0,120.0,85.0,60.0
83.0,150.0,52.0,63.0,120.0,84.0,61.0
83.0,150.0,52.0,63.0,120.0,85.0,61.0
83.0,151.0,52.0,63.0,120.0,85.0,61.0
83.0,151.0,52.0,63.0,120.0,84.0,61.0
83.0,151.0,52.0,63.0,120.0,85.0,61.0
83.0,151.0,52.0,63.0,120.0,85.0,61.0
83.0,151.0,52.0,63.0,120.0,85.0,61.0
83.0,152.0,52.0,63.0,120.0,85.0,61.0
83.0,152.0,52.0,63.0,119.0,85.0,60.0
83.0,152.0,52.0,63.0,118.0,85.0,60.0
83.0,152.0,52.0,63.0,119.0,84.0,60.0
83.0,153.0,52.0,63.0,120.0,85.0,60.0
84.0,153.0,52.0,63.0,120.0,85.0,60.0
84.0,153.0,52.0,63.0,120.0,84.0,60.0
84.0,153.0,52.0,62.0,120.0,85.0,60.0
84.0,153.0,51.0,62.0,120.0,85.0,61.0
84.0,153.0,51.0,61.0,120.0,85.0,61.0
84.0,153.0,51.0,61.0,120.0,85.0,60.0
84.0,153.0,50.0,61.0,120.0,85.0,60.0
84.0,154.0,50.0,61.0,120.0,85.0,60.0
84.0,154.0,50.0,61.0,120.0,85.0,60.0
84.0,154.0,49.0,61.0,120.0,85.0,61.0
84.0,154.0,49.0,61.0,120.0,85.0,61.0
84.0,154.0,49.0,61.0,120.0,85.0,61.0
84.0,155.0,49.0,61.0,120.0,85.0,60.0
84.0,155.0,49.0,60.0,120.0,85.0,60.0
84.0,155.0,49.0,60.0,120.0,85.0,60.0
84.0,155.0,49.0,60.0,120.0,85.0,60.0
84.0,155.0,48.0,60.0,120.0,85.0,60.0
84.0,155.0,48.0,60.0,120.0,85.0,60.0
84.0,155.0,48.0,60.0,120.0,85.0,60.0
84.0,155.0,48.0,60.0,120.0,85.0,60.0
84.0,155.0,48.0,60.0,120.0,85.0,61.0
84.0,155.0,48.0,60.0,120.0,85.0,61.0
84.0,155.0,48.0,60.0,120.0,85.0,60.0
84.0,155.0,48.0,60.0,120.0,85.0,60.0
84.0,155.0,48.0,60.0,120.0,85.0,60.0
84.0,156.0,47.0,60.0,120.0,85.0,60.0
84.0,156.0,47.0,60.0,120.0,85.0,60.0
84.0,156.0,47.0,60.0,120.0,85.0,60.0
84.0,156.0,47.0,59.0,120.0,85.0,60.0
84.0,156.0,47.0,59.0,120.0,85.0,60.0
84.0,156.0,46.0,59.0,120.0,85.0,60.0
84.0,156.0,46.0,59.0,120.0,85.0,60.0
84.0,156.0,46.0,59.0,120.0,85.0,60.0
84.0,156.0,46.0,59.0,120.0,85.0,60.0
84.0,156.0,46.0,59.0,120.0,85.0,60.0
84.0,157.0,46.0,59.0,120.0,85.0,61.0
84.0,157.0,46.0,59.0,120.0,85.0,60.0
84.0,157.0,46.0,59.0,120.0,85.0,60.0
84.0,157.0,46.0,59.0,120.0,85.0,61.0
84.0,157.0,46.0,59.0,120.0,85.0,60.0
84.0,157.0,46.0,59.0,120.0,85.0,60.0
84.0,158.0,46.0,59.0,120.0,85.0,60.0
84.0,158.0,46.0,59.0,120.0,85.0,60.0
84.0,158.0,46.0,59.0,120.0,85.0,60.0
84.0,158.0,46.0,59.0,120.0,85.0,60.0
84.0,158.0,46.0,59.0,120.0,85.0,60.0
84.0,157.0,46.0,59.0,120.0,85.0,60.0
84.0,158.0,46.0,59.0,120.0,85.0,61.0
84.0,158.0,46.0,58.0,120.0,85.0,60.0
84.0,158.0,46.0,58.0,120.0,84.0,60.0
84.0,158.0,46.0,58.0,120.0,85.0,60.0
84.0,158.0,46.0,58.0,120.0,85.0,60.0
84.0,158.0,46.0,58.0,120.0,85.0,60.0
84.0,158.0,45.0,58.0,120.0,85.0,60.0
84.0,158.0,45.0,58.0,120.0,85.0,60.0
84.0,158.0,45.0,58.0,120.0,85.0,60.0
84.0,158.0,45.0,57.0,120.0,85.0,60.0
84.0,158.0,45.0,57.0,120.0,85.0,60.0
84.0,158.0,45.0,57.0,120.0,85.0,60.0
84.0,158.0,45.0,57.0,120.0,85.0,60.0
84.0,158.0,45.0,57.0,120.0,85.0,60.0
84.0,158.0,45.0,57.0,120.0,85.0,60.0
84.0,158.0,45.0,57.0,120.0,85.0,60.0
84.0,158.0,45.0,57.0,120.0,85.0,60.0
